<?xml version="1.0" encoding="utf-8"?>
<COLLADA xmlns="http://www.collada.org/2005/11/COLLADASchema" version="1.4.1">
  <asset>
    <contributor>
      <author>Mixamo</author>
      <authoring_tool>COLLADA Mixamo exporter</authoring_tool>
      <comments/>
    </contributor>
    <created>2023-09-07T14:42:56Z</created>
    <modified>2023-09-07T14:42:56Z</modified>
    <revision/>
    <title/>
    <unit meter="0.010000"/>
    <up_axis>Y_UP</up_axis>
  </asset>
  <library_animations>
    <animation id="mixamorig_Hips-anim" name="mixamorig_Hips">
      <source id="mixamorig_Hips-Matrix-animation-input">
        <float_array id="mixamorig_Hips-Matrix-animation-input-array" count="115">

0.000000 0.033333 0.066667 0.100000 0.133333 0.166667 0.200000 0.233333 0.266667 0.300000 0.333333 0.366667 0.400000 0.433333 0.466667 0.500000
0.533333 0.566667 0.600000 0.633333 0.666667 0.700000 0.733333 0.766667 0.800000 0.833333 0.866667 0.900000 0.933333 0.966667 1.000000 1.033333
1.066667 1.100000 1.133333 1.166667 1.200000 1.233333 1.266667 1.300000 1.333333 1.366667 1.400000 1.433333 1.466667 1.500000 1.533333 1.566667
1.600000 1.633333 1.666667 1.700000 1.733333 1.766667 1.800000 1.833333 1.866667 1.900000 1.933333 1.966667 2.000000 2.033333 2.066667 2.100000
2.133333 2.166667 2.200000 2.233333 2.266667 2.300000 2.333333 2.366667 2.400000 2.433333 2.466667 2.500000 2.533333 2.566667 2.600000 2.633333
2.666667 2.700000 2.733333 2.766667 2.800000 2.833333 2.866667 2.900000 2.933333 2.966667 3.000000 3.033333 3.066667 3.100000 3.133333 3.166667
3.200000 3.233333 3.266667 3.300000 3.333333 3.366667 3.400000 3.433333 3.466667 3.500000 3.533333 3.566667 3.600000 3.633333 3.666667 3.700000
3.733333 3.766667 3.800000</float_array>
        <technique_common>
          <accessor source="#mixamorig_Hips-Matrix-animation-input-array" count="115">
            <param name="TIME" type="float"/>
          </accessor>
        </technique_common>
      </source>
      <source id="mixamorig_Hips-Matrix-animation-output-transform">
        <float_array id="mixamorig_Hips-Matrix-animation-output-transform-array" count="1840">

0.999737 0.019004 -0.012871 -0.000020 -0.018948 0.999811 0.004403 80.532974 0.012952 -0.004158 0.999907 0.000013 0.000000 0.000000 0.000000 1.000000
0.999736 0.018927 -0.013047 -0.001367 -0.018982 0.999811 -0.004128 80.695946 0.012966 0.004374 0.999906 0.060870 0.000000 0.000000 0.000000 1.000000
0.999736 0.018823 -0.013183 -0.016781 -0.019020 0.999706 -0.015022 80.973190 0.012896 0.015269 0.999800 0.138627 0.000000 0.000000 0.000000 1.000000
0.999735 0.018863 -0.013223 -0.041286 -0.019220 0.999438 -0.027457 81.051857 0.012698 0.027703 0.999536 0.227373 0.000000 0.000000 0.000000 1.000000
0.999734 0.018903 -0.013236 -0.069875 -0.019426 0.998987 -0.040601 80.618576 0.012455 0.040848 0.999088 0.321416 0.000000 0.000000 0.000000 1.000000
0.999733 0.018940 -0.013230 -0.099666 -0.019623 0.998368 -0.053627 79.364174 0.012193 0.053872 0.998473 0.391045 0.000000 0.000000 0.000000 1.000000
0.999733 0.018970 -0.013214 -0.137851 -0.019799 0.997643 -0.065706 76.747185 0.011937 0.065951 0.997751 0.403576 0.000000 0.000000 0.000000 1.000000
0.999733 0.018992 -0.013198 -0.177479 -0.019942 0.996907 -0.076013 73.024940 0.011713 0.076256 0.997019 0.639821 0.000000 0.000000 0.000000 1.000000
0.999732 0.019006 -0.013185 -0.211621 -0.020051 0.996242 -0.084255 69.022163 0.011534 0.084497 0.996357 1.399490 0.000000 0.000000 0.000000 1.000000
0.999733 0.019007 -0.013158 -0.250559 -0.020148 0.995483 -0.092778 64.926643 0.011335 0.093018 0.995600 2.653006 0.000000 0.000000 0.000000 1.000000
0.999733 0.019007 -0.013115 -0.292351 -0.020238 0.994661 -0.101194 60.969921 0.011122 0.101433 0.994780 4.224035 0.000000 0.000000 0.000000 1.000000
0.999734 0.019000 -0.013064 -0.331951 -0.020307 0.993893 -0.108465 57.441566 0.010923 0.108701 0.994014 5.942887 0.000000 0.000000 0.000000 1.000000
0.999734 0.019038 -0.013042 -0.364018 -0.020386 0.993441 -0.112512 54.740253 0.010814 0.112748 0.993565 7.633385 0.000000 0.000000 0.000000 1.000000
0.999731 0.019214 -0.013003 -0.382655 -0.020520 0.993811 -0.109169 53.515495 0.010825 0.109406 0.993938 9.102687 0.000000 0.000000 0.000000 1.000000
0.999727 0.019420 -0.012976 -0.383347 -0.020632 0.994680 -0.100924 53.679237 0.010947 0.101164 0.994810 10.233616 0.000000 0.000000 0.000000 1.000000
0.999724 0.019617 -0.012901 -0.363038 -0.020638 0.996215 -0.084441 55.487270 0.011195 0.084684 0.996345 10.542693 0.000000 0.000000 0.000000 1.000000
0.999433 0.025531 -0.021967 -0.152472 -0.027706 0.994064 -0.105210 71.367874 0.019151 0.105758 0.994207 18.506136 0.000000 0.000000 0.000000 1.000000
0.999307 0.031677 -0.019562 0.144614 -0.034002 0.990533 -0.132996 89.927818 0.015164 0.133569 0.990924 26.452169 0.000000 0.000000 0.000000 1.000000
0.999819 0.017226 0.008074 0.255117 -0.015555 0.984563 -0.174338 109.467072 -0.010952 0.174181 0.984653 33.719116 0.000000 0.000000 0.000000 1.000000
0.999571 -0.010512 0.027319 0.403749 0.015359 0.982846 -0.183787 128.825928 -0.024918 0.184128 0.982586 40.467148 0.000000 0.000000 0.000000 1.000000
0.999502 -0.012959 0.028787 0.828890 0.017128 0.988591 -0.149650 146.666092 -0.026519 0.150069 0.988320 46.199780 0.000000 0.000000 0.000000 1.000000
0.999532 -0.010571 0.028714 0.965050 0.013917 0.992803 -0.118946 163.121902 -0.027250 0.119290 0.992485 51.644264 0.000000 0.000000 0.000000 1.000000
0.999424 -0.010512 0.032254 0.965897 0.014035 0.993720 -0.111011 178.993683 -0.030884 0.111400 0.993296 57.246029 0.000000 0.000000 0.000000 1.000000
0.998926 -0.003244 0.046211 1.122128 0.007940 0.994772 -0.101811 193.784531 -0.045639 0.102069 0.993730 62.426220 0.000000 0.000000 0.000000 1.000000
0.996824 0.007845 0.079243 1.496190 -0.000690 0.995949 -0.089918 206.871246 -0.079628 0.089578 0.992792 67.538277 0.000000 0.000000 0.000000 1.000000
0.993249 0.015645 0.114943 1.715091 -0.003778 0.994701 -0.102742 217.604446 -0.115941 0.101614 0.988045 72.868446 0.000000 0.000000 0.000000 1.000000
0.991872 0.013151 0.126556 1.711097 0.005260 0.989556 -0.144056 225.834717 -0.127129 0.143551 0.981444 78.277870 0.000000 0.000000 0.000000 1.000000
0.992301 0.004132 0.123777 1.605489 0.019110 0.982365 -0.185993 231.963501 -0.122363 0.186927 0.974723 83.850449 0.000000 0.000000 0.000000 1.000000
0.991882 -0.002300 0.127143 1.655072 0.029272 0.977115 -0.210690 236.158340 -0.123748 0.212701 0.969249 89.572586 0.000000 0.000000 0.000000 1.000000
0.991733 -0.009163 0.127994 1.917311 0.037874 0.973914 -0.223735 238.526611 -0.122605 0.226733 0.966209 94.898575 0.000000 0.000000 0.000000 1.000000
0.991191 -0.014363 0.131660 2.302394 0.043699 0.973899 -0.222737 239.171417 -0.125024 0.226528 0.965947 100.103996 0.000000 0.000000 0.000000 1.000000
0.990570 -0.017560 0.135880 2.677530 0.046753 0.975548 -0.214756 238.480774 -0.128786 0.219084 0.967169 105.148346 0.000000 0.000000 0.000000 1.000000
0.990164 -0.019268 0.138576 2.825706 0.047376 0.978132 -0.202518 236.826614 -0.131643 0.207091 0.969424 109.539711 0.000000 0.000000 0.000000 1.000000
0.990144 -0.020120 0.138604 2.845048 0.046208 0.981145 -0.187670 234.141846 -0.132214 0.192225 0.972404 113.488754 0.000000 0.000000 0.000000 1.000000
0.990374 -0.020820 0.136842 2.909297 0.044633 0.983851 -0.173334 230.315491 -0.131023 0.177773 0.975310 117.417503 0.000000 0.000000 0.000000 1.000000
0.990452 -0.022019 0.136086 2.923142 0.044398 0.985514 -0.163677 225.246445 -0.130511 0.168156 0.977083 121.411263 0.000000 0.000000 0.000000 1.000000
0.989930 -0.024187 0.139480 2.871684 0.047030 0.985524 -0.162884 218.830215 -0.133521 0.167804 0.976736 125.519066 0.000000 0.000000 0.000000 1.000000
0.988603 -0.027635 0.147989 2.861182 0.053415 0.983440 -0.173181 211.015228 -0.140753 0.179112 0.973708 129.812241 0.000000 0.000000 0.000000 1.000000
0.986855 -0.032907 0.158225 2.944848 0.063530 0.979222 -0.192581 201.469345 -0.148600 0.200102 0.968441 134.407272 0.000000 0.000000 0.000000 1.000000
0.985683 -0.040884 0.163577 3.109992 0.076102 0.973591 -0.215242 189.784546 -0.150457 0.224609 0.962763 138.731766 0.000000 0.000000 0.000000 1.000000
0.985845 -0.051719 0.159485 3.334399 0.088937 0.967687 -0.235950 176.076309 -0.142129 0.246794 0.958589 142.236588 0.000000 0.000000 0.000000 1.000000
0.986880 -0.063271 0.148539 3.542671 0.099950 0.961943 -0.254314 160.906311 -0.126795 0.265824 0.955647 144.857635 0.000000 0.000000 0.000000 1.000000
0.987657 -0.071258 0.139485 3.791279 0.107429 0.956231 -0.272177 144.833191 -0.113985 0.283803 0.952084 146.666840 0.000000 0.000000 0.000000 1.000000
0.987620 -0.072094 0.139314 3.974888 0.109823 0.951935 -0.285933 128.412033 -0.112004 0.297693 0.948068 148.036163 0.000000 0.000000 0.000000 1.000000
0.987152 -0.065907 0.145560 4.172935 0.105599 0.952768 -0.284749 112.173813 -0.119917 0.296462 0.947486 149.492142 0.000000 0.000000 0.000000 1.000000
0.987499 -0.056097 0.147308 4.306783 0.093417 0.961007 -0.260266 97.257881 -0.126964 0.270773 0.954234 150.799316 0.000000 0.000000 0.000000 1.000000
0.989865 -0.045796 0.134428 4.470897 0.074708 0.972937 -0.218662 82.664917 -0.120776 0.226488 0.966497 151.866943 0.000000 0.000000 0.000000 1.000000
0.993849 -0.033439 0.105571 4.866807 0.052416 0.981814 -0.182464 68.414787 -0.097550 0.186875 0.977528 151.779678 0.000000 0.000000 0.000000 1.000000
0.997450 -0.017998 0.069058 4.945464 0.030142 0.983373 -0.179079 55.734787 -0.064687 0.180704 0.981408 152.232010 0.000000 0.000000 0.000000 1.000000
0.999342 -0.002047 0.036208 5.201794 0.010124 0.974460 -0.224331 45.665565 -0.034824 0.224550 0.973840 153.514053 0.000000 0.000000 0.000000 1.000000
0.999834 0.010249 0.015040 5.599463 -0.004838 0.946300 -0.323254 43.199951 -0.017545 0.323128 0.946193 155.121567 0.000000 0.000000 0.000000 1.000000
0.999965 0.003173 0.007739 6.117902 0.000261 0.912966 -0.408036 43.583054 -0.008361 0.408023 0.912933 157.054718 0.000000 0.000000 0.000000 1.000000
0.999951 -0.006092 0.007793 6.525532 0.008838 0.904022 -0.427395 44.890949 -0.004441 0.427443 0.904031 159.123306 0.000000 0.000000 0.000000 1.000000
0.999903 -0.008728 0.010850 6.555680 0.012488 0.906731 -0.421524 46.703259 -0.006159 0.421619 0.906752 160.716156 0.000000 0.000000 0.000000 1.000000
0.999688 -0.004844 0.024494 6.494550 0.014401 0.913240 -0.407166 48.792000 -0.020396 0.407392 0.913026 161.830170 0.000000 0.000000 0.000000 1.000000
0.999519 0.007970 0.029955 6.451135 0.005132 0.910495 -0.413487 50.940289 -0.030570 0.413442 0.910017 163.166275 0.000000 0.000000 0.000000 1.000000
0.998912 0.026010 0.038698 6.237735 -0.006669 0.901127 -0.433503 53.043396 -0.046147 0.432773 0.900321 164.591629 0.000000 0.000000 0.000000 1.000000
0.997539 0.046227 0.052721 5.930626 -0.017518 0.892363 -0.450979 55.025620 -0.067894 0.448945 0.890976 165.876465 0.000000 0.000000 0.000000 1.000000
0.995978 0.062437 0.064267 5.562993 -0.024892 0.881817 -0.470934 56.735584 -0.086076 0.467440 0.879824 167.106934 0.000000 0.000000 0.000000 1.000000
0.994508 0.070697 0.077168 5.133061 -0.024164 0.872533 -0.487957 58.109276 -0.101828 0.483413 0.869450 168.235703 0.000000 0.000000 0.000000 1.000000
0.993313 0.076687 0.086299 4.707745 -0.022811 0.863142 -0.504445 58.531776 -0.113173 0.499104 0.859120 169.254242 0.000000 0.000000 0.000000 1.000000
0.992568 0.082892 0.089089 4.364253 -0.024185 0.851883 -0.523174 58.585606 -0.119260 0.517131 0.847557 170.142944 0.000000 0.000000 0.000000 1.000000
0.991944 0.086078 0.092944 4.094104 -0.022698 0.842580 -0.538093 58.581226 -0.124631 0.531648 0.837745 170.870697 0.000000 0.000000 0.000000 1.000000
0.991467 0.085389 0.098494 3.876222 -0.018169 0.838729 -0.544245 58.534672 -0.129082 0.537812 0.833124 171.359680 0.000000 0.000000 0.000000 1.000000
0.991400 0.082659 0.101454 3.721686 -0.014537 0.840030 -0.542345 58.241421 -0.130054 0.536207 0.834007 171.545349 0.000000 0.000000 0.000000 1.000000
0.991878 0.077775 0.100640 3.614818 -0.011858 0.844352 -0.535657 57.619366 -0.126636 0.530113 0.838417 171.431396 0.000000 0.000000 0.000000 1.000000
0.992839 0.070822 0.096207 3.523836 -0.009372 0.849019 -0.528280 56.867435 -0.119095 0.523595 0.843602 171.096725 0.000000 0.000000 0.000000 1.000000
0.994013 0.062296 0.089764 3.424739 -0.006672 0.854619 -0.519213 56.114594 -0.109059 0.515505 0.849918 170.179504 0.000000 0.000000 0.000000 1.000000
0.995402 0.050310 0.081513 3.333228 -0.002385 0.863723 -0.503962 55.463501 -0.095759 0.501450 0.859871 168.832352 0.000000 0.000000 0.000000 1.000000
0.997041 0.033707 0.069094 3.229686 0.003992 0.874842 -0.484392 54.989922 -0.076773 0.483235 0.872118 167.254196 0.000000 0.000000 0.000000 1.000000
0.998507 0.012665 0.053130 3.145621 0.013400 0.886207 -0.463095 54.662895 -0.052949 0.463115 0.884715 165.589935 0.000000 0.000000 0.000000 1.000000
0.999174 -0.013663 0.038277 3.111670 0.028964 0.900062 -0.434797 54.495182 -0.028512 0.435547 0.899715 164.056549 0.000000 0.000000 0.000000 1.000000
0.998927 -0.041659 0.020215 3.140402 0.046276 0.913617 -0.403934 54.619759 -0.001641 0.404436 0.914565 162.901199 0.000000 0.000000 0.000000 1.000000
0.997931 -0.064286 -0.001044 3.198863 0.059210 0.925220 -0.374782 55.195049 0.025059 0.373945 0.927112 162.228912 0.000000 0.000000 0.000000 1.000000
0.996590 -0.079785 -0.021063 3.262959 0.067737 0.936754 -0.343371 56.138195 0.047127 0.340774 0.938963 162.067078 0.000000 0.000000 0.000000 1.000000
0.994813 -0.089684 -0.048001 3.360799 0.070421 0.947718 -0.311240 57.581245 0.073405 0.306246 0.949118 162.337463 0.000000 0.000000 0.000000 1.000000
0.991308 -0.100535 -0.084861 3.531713 0.073302 0.957692 -0.278302 59.336525 0.109250 0.269663 0.956737 163.037506 0.000000 0.000000 0.000000 1.000000
0.985331 -0.109142 -0.131193 3.810705 0.075759 0.968599 -0.236805 61.027733 0.152919 0.223392 0.962659 164.154556 0.000000 0.000000 0.000000 1.000000
0.976905 -0.107058 -0.184920 4.168375 0.070827 0.978744 -0.192470 62.647327 0.201595 0.174927 0.963722 165.884964 0.000000 0.000000 0.000000 1.000000
0.964942 -0.096383 -0.244125 4.551066 0.058302 0.985607 -0.158681 64.239899 0.255905 0.138885 0.956673 168.429062 0.000000 0.000000 0.000000 1.000000
0.947918 -0.069147 -0.310918 5.082872 0.033160 0.992270 -0.119581 65.825462 0.316784 0.103043 0.942884 171.361145 0.000000 0.000000 0.000000 1.000000
0.926161 -0.040902 -0.374904 5.650985 0.013540 0.997067 -0.075330 67.407463 0.376885 0.064691 0.923998 174.471695 0.000000 0.000000 0.000000 1.000000
0.901829 -0.035861 -0.430603 5.952755 0.019974 0.998945 -0.041359 68.989235 0.431632 0.028697 0.901593 177.780182 0.000000 0.000000 0.000000 1.000000
0.875384 -0.046097 -0.481225 6.081062 0.044334 0.998904 -0.015038 70.589073 0.481391 -0.008171 0.876468 181.223221 0.000000 0.000000 0.000000 1.000000
0.847566 -0.056093 -0.527716 6.157294 0.068987 0.997606 0.004760 72.226700 0.526186 -0.040440 0.849407 184.803909 0.000000 0.000000 0.000000 1.000000
0.818235 -0.059965 -0.571748 6.294843 0.085663 0.996159 0.018116 73.925682 0.568466 -0.063801 0.820229 188.515533 0.000000 0.000000 0.000000 1.000000
0.786940 -0.058695 -0.614232 6.570937 0.094126 0.995234 0.025488 75.303032 0.609808 -0.077873 0.788714 192.323349 0.000000 0.000000 0.000000 1.000000
0.751464 -0.054699 -0.657503 6.990341 0.098650 0.994670 0.029999 76.136497 0.652358 -0.087405 0.752854 196.155106 0.000000 0.000000 0.000000 1.000000
0.708502 -0.047371 -0.704117 7.579880 0.100657 0.994327 0.034388 76.425285 0.698494 -0.095238 0.709251 199.953018 0.000000 0.000000 0.000000 1.000000
0.658765 -0.034633 -0.751552 8.297683 0.097013 0.994511 0.039206 76.070114 0.746068 -0.098738 0.658508 203.698837 0.000000 0.000000 0.000000 1.000000
0.602813 -0.015248 -0.797737 9.123726 0.089402 0.994812 0.048541 75.060684 0.792858 -0.100580 0.601049 207.340607 0.000000 0.000000 0.000000 1.000000
0.542643 0.009779 -0.839906 10.125575 0.082534 0.994473 0.064902 73.643440 0.835899 -0.104539 0.538837 210.782318 0.000000 0.000000 0.000000 1.000000
0.489406 0.044421 -0.870924 11.263986 0.078297 0.992430 0.094617 71.727371 0.868534 -0.114497 0.482223 213.760071 0.000000 0.000000 0.000000 1.000000
0.465670 0.066726 -0.882439 12.300012 0.077114 0.990301 0.115575 69.640335 0.881592 -0.121869 0.456008 216.096893 0.000000 0.000000 0.000000 1.000000
0.453395 0.068016 -0.888711 13.098903 0.073005 0.990900 0.113083 67.937759 0.888315 -0.116152 0.444304 217.938797 0.000000 0.000000 0.000000 1.000000
0.428719 0.072021 -0.900563 13.822370 0.069884 0.991187 0.112538 66.481979 0.900731 -0.111182 0.419908 219.259857 0.000000 0.000000 0.000000 1.000000
0.405558 0.076362 -0.910874 14.483625 0.070799 0.990886 0.114593 65.323219 0.911323 -0.110963 0.396455 219.895569 0.000000 0.000000 0.000000 1.000000
0.393755 0.070982 -0.916471 14.996733 0.069760 0.991831 0.106791 64.712364 0.916565 -0.105982 0.385586 220.002930 0.000000 0.000000 0.000000 1.000000
0.388083 0.064010 -0.919399 15.367521 0.066134 0.993079 0.097055 64.509506 0.919248 -0.098469 0.381164 219.697235 0.000000 0.000000 0.000000 1.000000
0.385308 0.053959 -0.921209 15.546401 0.063514 0.994371 0.084810 64.657265 0.920600 -0.091187 0.379712 219.035736 0.000000 0.000000 0.000000 1.000000
0.386487 0.040272 -0.921415 15.509532 0.062121 0.995641 0.069573 65.147156 0.920200 -0.084129 0.382301 218.148453 0.000000 0.000000 0.000000 1.000000
0.389741 0.032777 -0.920341 15.357718 0.059838 0.996353 0.060824 65.777092 0.918979 -0.078776 0.386358 217.070084 0.000000 0.000000 0.000000 1.000000
0.393441 0.030622 -0.918840 15.123831 0.056593 0.996743 0.057450 66.449722 0.917606 -0.074603 0.390427 215.889175 0.000000 0.000000 0.000000 1.000000
0.399135 0.028997 -0.916433 14.797401 0.053725 0.997043 0.054946 67.124512 0.915317 -0.071166 0.396397 214.717834 0.000000 0.000000 0.000000 1.000000
0.407023 0.029515 -0.912941 14.442596 0.051309 0.997161 0.055114 67.732887 0.911976 -0.069275 0.404353 213.593781 0.000000 0.000000 0.000000 1.000000
0.414233 0.031280 -0.909633 14.098922 0.049073 0.997188 0.056638 68.277229 0.908847 -0.068100 0.411533 212.581161 0.000000 0.000000 0.000000 1.000000
0.419410 0.031246 -0.907259 13.786024 0.047487 0.997284 0.056299 68.764557 0.906554 -0.066695 0.416787 211.747452 0.000000 0.000000 0.000000 1.000000
0.422896 0.031131 -0.905643 13.530128 0.045724 0.997404 0.055636 69.183495 0.905024 -0.064938 0.420375 211.105515 0.000000 0.000000 0.000000 1.000000
0.426380 0.031449 -0.903997 13.343575 0.044102 0.997484 0.055502 69.537735 0.903468 -0.063533 0.423920 210.670868 0.000000 0.000000 0.000000 1.000000
0.430090 0.030128 -0.902283 13.224593 0.043876 0.997564 0.054223 69.821571 0.901719 -0.062909 0.427720 210.451355 0.000000 0.000000 0.000000 1.000000
0.432305 0.028274 -0.901284 13.174843 0.045102 0.997579 0.052928 70.019600 0.900599 -0.063530 0.429983 210.417252 0.000000 0.000000 0.000000 1.000000
0.433734 0.026939 -0.900638 13.195650 0.047705 0.997464 0.052810 70.152786 0.899777 -0.065871 0.431349 210.534225 0.000000 0.000000 0.000000 1.000000
0.434274 0.025584 -0.900417 13.271250 0.050684 0.997319 0.052782 70.255943 0.899354 -0.068559 0.431813 210.777802 0.000000 0.000000 0.000000 1.000000
0.433533 0.024235 -0.900812 13.384641 0.053154 0.997210 0.052410 70.348618 0.899569 -0.070604 0.431035 211.120758 0.000000 0.000000 0.000000 1.000000
0.432982 0.023599 -0.901094 13.448732 0.054268 0.997161 0.052192 70.394798 0.899768 -0.071499 0.430472 211.311386 0.000000 0.000000 0.000000 1.000000</float_array>
        <technique_common>
          <accessor source="#mixamorig_Hips-Matrix-animation-output-transform-array" count="115" stride="16">
            <param type="float4x4"/>
          </accessor>
        </technique_common>
      </source>
      <source id="mixamorig_Hips-Interpolations">
        <Name_array id="mixamorig_Hips-Interpolations-array" count="115">
 LINEAR LINEAR LINEAR LINEAR LINEAR LINEAR LINEAR LINEAR LINEAR LINEAR LINEAR
LINEAR LINEAR LINEAR LINEAR LINEAR LINEAR LINEAR LINEAR LINEAR LINEAR LINEAR LINEAR
LINEAR LINEAR LINEAR LINEAR LINEAR LINEAR LINEAR LINEAR LINEAR LINEAR LINEAR LINEAR
LINEAR LINEAR LINEAR LINEAR LINEAR LINEAR LINEAR LINEAR LINEAR LINEAR LINEAR LINEAR
LINEAR LINEAR LINEAR LINEAR LINEAR LINEAR LINEAR LINEAR LINEAR LINEAR LINEAR LINEAR
LINEAR LINEAR LINEAR LINEAR LINEAR LINEAR LINEAR LINEAR LINEAR LINEAR LINEAR LINEAR
LINEAR LINEAR LINEAR LINEAR LINEAR LINEAR LINEAR LINEAR LINEAR LINEAR LINEAR LINEAR
LINEAR LINEAR LINEAR LINEAR LINEAR LINEAR LINEAR LINEAR LINEAR LINEAR LINEAR LINEAR
LINEAR LINEAR LINEAR LINEAR LINEAR LINEAR LINEAR LINEAR LINEAR LINEAR LINEAR LINEAR
LINEAR LINEAR LINEAR LINEAR LINEAR LINEAR LINEAR LINEAR</Name_array>
        <technique_common>
          <accessor source="#mixamorig_Hips-Interpolations-array" count="115">
            <param type="name"/>
          </accessor>
        </technique_common>
      </source>
      <sampler id="mixamorig_Hips-Matrix-animation-transform">
        <input semantic="INPUT" source="#mixamorig_Hips-Matrix-animation-input"/>
        <input semantic="OUTPUT" source="#mixamorig_Hips-Matrix-animation-output-transform"/>
        <input semantic="INTERPOLATION" source="#mixamorig_Hips-Interpolations"/>
      </sampler>
      <channel source="#mixamorig_Hips-Matrix-animation-transform" target="mixamorig_Hips/matrix"/>
    </animation>
    <animation id="mixamorig_Spine-anim" name="mixamorig_Spine">
      <source id="mixamorig_Spine-Matrix-animation-input">
        <float_array id="mixamorig_Spine-Matrix-animation-input-array" count="115">

0.000000 0.033333 0.066667 0.100000 0.133333 0.166667 0.200000 0.233333 0.266667 0.300000 0.333333 0.366667 0.400000 0.433333 0.466667 0.500000
0.533333 0.566667 0.600000 0.633333 0.666667 0.700000 0.733333 0.766667 0.800000 0.833333 0.866667 0.900000 0.933333 0.966667 1.000000 1.033333
1.066667 1.100000 1.133333 1.166667 1.200000 1.233333 1.266667 1.300000 1.333333 1.366667 1.400000 1.433333 1.466667 1.500000 1.533333 1.566667
1.600000 1.633333 1.666667 1.700000 1.733333 1.766667 1.800000 1.833333 1.866667 1.900000 1.933333 1.966667 2.000000 2.033333 2.066667 2.100000
2.133333 2.166667 2.200000 2.233333 2.266667 2.300000 2.333333 2.366667 2.400000 2.433333 2.466667 2.500000 2.533333 2.566667 2.600000 2.633333
2.666667 2.700000 2.733333 2.766667 2.800000 2.833333 2.866667 2.900000 2.933333 2.966667 3.000000 3.033333 3.066667 3.100000 3.133333 3.166667
3.200000 3.233333 3.266667 3.300000 3.333333 3.366667 3.400000 3.433333 3.466667 3.500000 3.533333 3.566667 3.600000 3.633333 3.666667 3.700000
3.733333 3.766667 3.800000</float_array>
        <technique_common>
          <accessor source="#mixamorig_Spine-Matrix-animation-input-array" count="115">
            <param name="TIME" type="float"/>
          </accessor>
        </technique_common>
      </source>
      <source id="mixamorig_Spine-Matrix-animation-output-transform">
        <float_array id="mixamorig_Spine-Matrix-animation-output-transform-array" count="1840">

0.999957 -0.007955 0.004753 0.000000 0.009019 0.953231 -0.302107 10.763900 -0.002127 0.302136 0.953262 1.243500 0.000000 0.000000 0.000000 1.000000
0.999840 -0.014609 0.010303 0.000000 0.016987 0.955940 -0.293070 10.763900 -0.005567 0.293198 0.956035 1.243500 0.000000 0.000000 0.000000 1.000000
0.999624 -0.022040 0.016284 -0.000000 0.025723 0.959571 -0.280287 10.763900 -0.009448 0.280601 0.959778 1.243500 0.000000 0.000000 0.000000 1.000000
0.999393 -0.027275 0.021649 0.000000 0.032179 0.960969 -0.274778 10.763900 -0.013310 0.275308 0.961264 1.243500 0.000000 0.000000 0.000000 1.000000
0.999301 -0.027275 0.025557 0.000000 0.033481 0.957148 -0.287656 10.763900 -0.016616 0.288311 0.957393 1.243500 0.000000 0.000000 0.000000 1.000000
0.999371 -0.021629 0.028112 0.000000 0.029521 0.946564 -0.321163 10.763900 -0.019663 0.321791 0.946607 1.243500 0.000000 0.000000 0.000000 1.000000
0.999494 -0.012372 0.029308 0.000000 0.022282 0.929808 -0.367369 10.763900 -0.022706 0.367836 0.929613 1.243500 0.000000 0.000000 0.000000 1.000000
0.999577 -0.001517 0.029055 0.000000 0.013606 0.907090 -0.420716 10.763900 -0.025717 0.420933 0.906727 1.243500 0.000000 0.000000 0.000000 1.000000
0.999580 0.008925 0.027569 0.000000 0.005272 0.879492 -0.475885 10.763900 -0.028494 0.475831 0.879075 1.243500 0.000000 0.000000 0.000000 1.000000
0.999530 0.017029 0.025509 0.000000 -0.000994 0.849250 -0.527990 10.763900 -0.030655 0.527717 0.848867 1.243500 0.000000 0.000000 0.000000 1.000000
0.999514 0.019679 0.024161 -0.000000 -0.002369 0.821098 -0.570782 10.763900 -0.031071 0.570447 0.820746 1.243500 0.000000 0.000000 0.000000 1.000000
0.999468 0.022216 0.023894 0.000000 -0.003398 0.799252 -0.600986 10.763900 -0.032448 0.600585 0.798902 1.243500 0.000000 0.000000 0.000000 1.000000
0.999340 0.025084 0.026282 -0.000000 -0.003344 0.783836 -0.620959 10.763900 -0.036177 0.620461 0.783403 1.243500 0.000000 0.000000 0.000000 1.000000
0.999242 0.023399 0.031124 -0.000000 0.001260 0.779466 -0.626443 10.763900 -0.038918 0.626008 0.778845 1.243500 0.000000 0.000000 0.000000 1.000000
0.999194 0.020432 0.034554 -0.000000 0.006026 0.774673 -0.632334 10.763900 -0.039688 0.632032 0.773925 1.243500 0.000000 0.000000 0.000000 1.000000
0.999172 0.017021 0.036966 -0.000000 0.010091 0.776342 -0.630231 10.763900 -0.039425 0.630082 0.775527 1.243500 0.000000 0.000000 0.000000 1.000000
0.999229 0.012900 0.037082 0.000000 0.012098 0.797365 -0.603376 10.763900 -0.037352 0.603360 0.796594 1.243500 0.000000 0.000000 0.000000 1.000000
0.999362 0.009807 0.034337 0.000000 0.010307 0.841414 -0.540293 10.763900 -0.034190 0.540302 0.840776 1.243500 0.000000 0.000000 0.000000 1.000000
0.999554 0.015032 0.025817 0.000000 -0.001696 0.891358 -0.453296 10.763900 -0.029826 0.453050 0.890986 1.243500 0.000000 0.000000 0.000000 1.000000
0.999336 0.031423 0.018449 -0.000000 -0.022850 0.934795 -0.354453 10.763900 -0.028384 0.353796 0.934892 1.243500 0.000000 0.000000 0.000000 1.000000
0.998591 0.048693 0.021110 0.000000 -0.041823 0.966869 -0.251825 10.763900 -0.032672 0.250587 0.967543 1.243500 0.000000 0.000000 0.000000 1.000000
0.997886 0.056726 0.031716 0.000000 -0.051286 0.987078 -0.151809 10.763900 -0.039918 0.149861 0.987901 1.243500 0.000000 0.000000 0.000000 1.000000
0.997749 0.053415 0.040548 0.000000 -0.050776 0.996687 -0.063542 10.763900 -0.043808 0.061341 0.997155 1.243500 0.000000 0.000000 0.000000 1.000000
0.998315 0.042102 0.039938 0.000000 -0.042164 0.999110 0.000703 10.763900 -0.039873 -0.002386 0.999202 1.243500 0.000000 0.000000 0.000000 1.000000
0.999109 0.029009 0.030662 0.000000 -0.030062 0.998954 0.034464 10.763900 -0.029630 -0.035355 0.998935 1.243500 0.000000 0.000000 0.000000 1.000000
0.999617 0.019011 0.020102 -0.000000 -0.020218 0.997893 0.061653 10.763900 -0.018888 -0.062035 0.997895 1.243500 0.000000 0.000000 0.000000 1.000000
0.999812 0.013695 0.013747 0.000000 -0.014869 0.995890 0.089337 10.763900 -0.012467 -0.089524 0.995907 1.243500 0.000000 0.000000 0.000000 1.000000
0.999874 0.011129 0.011314 -0.000000 -0.012343 0.993448 0.113620 10.763900 -0.009975 -0.113745 0.993460 1.243500 0.000000 0.000000 0.000000 1.000000
0.999911 0.009260 0.009555 0.000000 -0.010424 0.991455 0.130029 10.763900 -0.008269 -0.130117 0.991464 1.243500 0.000000 0.000000 0.000000 1.000000
0.999943 0.008086 0.007011 -0.000000 -0.008971 0.990512 0.137131 10.763900 -0.005836 -0.137186 0.990528 1.243500 0.000000 0.000000 0.000000 1.000000
0.999934 0.010095 0.005575 0.000000 -0.010755 0.990805 0.134871 10.763900 -0.004162 -0.134922 0.990848 1.243500 0.000000 0.000000 0.000000 1.000000
0.999876 0.014389 0.006356 0.000000 -0.015084 0.991679 0.127851 10.763900 -0.004464 -0.127931 0.991773 1.243500 0.000000 0.000000 0.000000 1.000000
0.999766 0.019767 0.008761 0.000000 -0.020662 0.992818 0.117838 10.763900 -0.006369 -0.117991 0.992994 1.243500 0.000000 0.000000 0.000000 1.000000
0.999615 0.025159 0.011727 0.000000 -0.026262 0.994011 0.106080 10.763900 -0.008988 -0.106347 0.994288 1.243500 0.000000 0.000000 0.000000 1.000000
0.999458 0.029806 0.014004 -0.000000 -0.030998 0.995045 0.094466 10.763900 -0.011119 -0.094849 0.995430 1.243500 0.000000 0.000000 0.000000 1.000000
0.999327 0.033616 0.014650 -0.000000 -0.034739 0.995798 0.084727 10.763900 -0.011740 -0.085179 0.996296 1.243500 0.000000 0.000000 0.000000 1.000000
0.999234 0.036801 0.013277 0.000000 -0.037721 0.996283 0.077445 10.763900 -0.010378 -0.077887 0.996908 1.243500 0.000000 0.000000 0.000000 1.000000
0.999179 0.039256 0.010017 0.000000 -0.039873 0.996648 0.071435 10.763900 -0.007179 -0.071776 0.997395 1.243500 0.000000 0.000000 0.000000 1.000000
0.999168 0.040419 0.005479 0.000000 -0.040688 0.997102 0.064284 10.763900 -0.002864 -0.064453 0.997917 1.243500 0.000000 0.000000 0.000000 1.000000
0.999212 0.039694 0.000575 0.000000 -0.039666 0.997729 0.054446 10.763900 0.001587 -0.054426 0.998517 1.243500 0.000000 0.000000 0.000000 1.000000
0.999312 0.036886 -0.003934 -0.000000 -0.036680 0.998379 0.043510 10.763900 0.005533 -0.043336 0.999045 1.243500 0.000000 0.000000 0.000000 1.000000
0.999448 0.032269 -0.007855 -0.000000 -0.031970 0.998857 0.035521 10.763900 0.008992 -0.035250 0.999338 1.243500 0.000000 0.000000 0.000000 1.000000
0.999587 0.026398 -0.011384 0.000000 -0.026021 0.999147 0.032070 10.763900 0.012221 -0.031760 0.999421 1.243500 0.000000 0.000000 0.000000 1.000000
0.999696 0.019911 -0.014541 0.000000 -0.019512 0.999443 0.027079 10.763900 0.015072 -0.026787 0.999528 1.243500 0.000000 0.000000 0.000000 1.000000
0.999769 0.013321 -0.016857 0.000000 -0.013197 0.999885 0.007473 10.763900 0.016954 -0.007249 0.999830 1.243500 0.000000 0.000000 0.000000 1.000000
0.999821 0.006849 -0.017664 0.000000 -0.007530 0.999220 -0.038775 10.763900 0.017384 0.038901 0.999092 1.243500 0.000000 0.000000 0.000000 1.000000
0.999858 0.001222 -0.016809 0.000000 -0.003107 0.993641 -0.112551 10.763900 0.016565 0.112587 0.993504 1.243500 0.000000 0.000000 0.000000 1.000000
0.999885 -0.003862 -0.014657 0.000000 0.000853 0.979804 -0.199959 10.763900 0.015134 0.199923 0.979695 1.243500 0.000000 0.000000 0.000000 1.000000
0.999896 -0.007898 -0.012080 0.000000 0.004203 0.960053 -0.279787 10.763900 0.013807 0.279707 0.959986 1.243500 0.000000 0.000000 0.000000 1.000000
0.999895 -0.010700 -0.009785 0.000000 0.006780 0.941552 -0.336799 10.763900 0.012817 0.336697 0.941526 1.243500 0.000000 0.000000 0.000000 1.000000
0.999892 -0.012263 -0.008119 0.000000 0.008443 0.930638 -0.365843 10.763900 0.012042 0.365735 0.930641 1.243500 0.000000 0.000000 0.000000 1.000000
0.999895 -0.012804 -0.006767 0.000000 0.009330 0.926919 -0.375146 10.763900 0.011076 0.375044 0.926941 1.243500 0.000000 0.000000 0.000000 1.000000
0.999906 -0.012581 -0.005397 0.000000 0.009654 0.927563 -0.373543 10.763900 0.009705 0.373456 0.927597 1.243500 0.000000 0.000000 0.000000 1.000000
0.999922 -0.011795 -0.004085 -0.000000 0.009492 0.931055 -0.364755 10.763900 0.008106 0.364688 0.931095 1.243500 0.000000 0.000000 0.000000 1.000000
0.999939 -0.010662 -0.002959 0.000000 0.008940 0.936101 -0.351617 10.763900 0.006519 0.351569 0.936139 1.243500 0.000000 0.000000 0.000000 1.000000
0.999954 -0.009306 -0.002129 0.000000 0.008047 0.941675 -0.336426 10.763900 0.005136 0.336394 0.941707 1.243500 0.000000 0.000000 0.000000 1.000000
0.999967 -0.007932 -0.001552 0.000000 0.007013 0.947008 -0.321135 10.763900 0.004017 0.321113 0.947032 1.243500 0.000000 0.000000 0.000000 1.000000
0.999976 -0.006757 -0.001427 -0.000000 0.005990 0.951382 -0.307956 10.763900 0.003439 0.307941 0.951399 1.243500 0.000000 0.000000 0.000000 1.000000
0.999981 -0.005962 -0.001811 -0.000000 0.005147 0.954170 -0.299221 10.763900 0.003512 0.299206 0.954182 1.243500 0.000000 0.000000 0.000000 1.000000
0.999977 -0.005752 -0.003604 -0.000000 0.004443 0.956090 -0.293038 10.763900 0.005132 0.293015 0.956094 1.243500 0.000000 0.000000 0.000000 1.000000
0.999971 -0.006045 -0.004562 0.000000 0.004491 0.958378 -0.285466 10.763900 0.006098 0.285437 0.958378 1.243500 0.000000 0.000000 0.000000 1.000000
0.999970 -0.006549 -0.004182 0.000000 0.005140 0.961093 -0.276177 10.763900 0.005828 0.276147 0.961098 1.243500 0.000000 0.000000 0.000000 1.000000
0.999967 -0.007233 -0.003670 0.000000 0.005987 0.963513 -0.267595 10.763900 0.005472 0.267564 0.963524 1.243500 0.000000 0.000000 0.000000 1.000000
0.999962 -0.007872 -0.003852 0.000000 0.006585 0.964930 -0.262425 10.763900 0.005783 0.262389 0.964945 1.243500 0.000000 0.000000 0.000000 1.000000
0.999957 -0.008055 -0.004674 -0.000000 0.006554 0.965248 -0.261254 10.763900 0.006616 0.261212 0.965259 1.243500 0.000000 0.000000 0.000000 1.000000
0.999954 -0.007969 -0.005358 0.000000 0.006286 0.965023 -0.262089 10.763900 0.007260 0.262043 0.965029 1.243500 0.000000 0.000000 0.000000 1.000000
0.999955 -0.008019 -0.005076 -0.000000 0.006405 0.964890 -0.262577 10.763900 0.007003 0.262533 0.964898 1.243500 0.000000 0.000000 0.000000 1.000000
0.999958 -0.008417 -0.003685 0.000000 0.007157 0.965025 -0.262061 10.763900 0.005762 0.262024 0.965044 1.243500 0.000000 0.000000 0.000000 1.000000
0.999961 -0.008599 -0.001937 -0.000000 0.007795 0.965318 -0.260961 10.763900 0.004113 0.260936 0.965347 1.243500 0.000000 0.000000 0.000000 1.000000
0.999972 -0.007441 -0.001022 0.000000 0.006922 0.965801 -0.259194 10.763900 0.002915 0.259179 0.965825 1.243500 0.000000 0.000000 0.000000 1.000000
0.999989 -0.004326 -0.001858 0.000000 0.003706 0.966634 -0.256135 10.763900 0.002904 0.256125 0.966639 1.243500 0.000000 0.000000 0.000000 1.000000
0.999990 0.000400 -0.004515 0.000000 -0.001522 0.967872 -0.251439 10.763900 0.004270 0.251443 0.967863 1.243500 0.000000 0.000000 0.000000 1.000000
0.999950 0.005644 -0.008253 -0.000000 -0.007496 0.969417 -0.245306 10.763900 0.006616 0.245355 0.969411 1.243500 0.000000 0.000000 0.000000 1.000000
0.999879 0.009646 -0.012183 0.000000 -0.012271 0.971132 -0.238226 10.763900 0.009534 0.238347 0.971133 1.243500 0.000000 0.000000 0.000000 1.000000
0.999817 0.011244 -0.015469 0.000000 -0.014510 0.972923 -0.230674 10.763900 0.012457 0.230857 0.972908 1.243500 0.000000 0.000000 0.000000 1.000000
0.999786 0.011388 -0.017251 0.000000 -0.014953 0.974672 -0.223137 10.763900 0.014273 0.223347 0.974634 1.243500 0.000000 0.000000 0.000000 1.000000
0.999778 0.012056 -0.017271 -0.000000 -0.015506 0.976235 -0.216159 10.763900 0.014255 0.216379 0.976205 1.243500 0.000000 0.000000 0.000000 1.000000
0.999792 0.012877 -0.015789 0.000000 -0.015902 0.977662 -0.209580 10.763900 0.012738 0.209787 0.977664 1.243500 0.000000 0.000000 0.000000 1.000000
0.999879 0.009259 -0.012492 -0.000000 -0.011593 0.979295 -0.202104 10.763900 0.010362 0.202225 0.979284 1.243500 0.000000 0.000000 0.000000 1.000000
0.999970 -0.003693 -0.006817 -0.000000 0.002310 0.981253 -0.192711 10.763900 0.007401 0.192690 0.981232 1.243500 0.000000 0.000000 0.000000 1.000000
0.999725 -0.023456 -0.000072 0.000000 0.023051 0.983002 -0.182143 10.763900 0.004343 0.182091 0.983272 1.243500 0.000000 0.000000 0.000000 1.000000
0.999273 -0.037894 0.004280 0.000000 0.038064 0.984307 -0.172310 10.763900 0.002316 0.172348 0.985033 1.243500 0.000000 0.000000 0.000000 1.000000
0.999368 -0.035317 0.003977 -0.000000 0.035490 0.985752 -0.164419 10.763900 0.001887 0.164456 0.986383 1.243500 0.000000 0.000000 0.000000 1.000000
0.999861 -0.016675 0.000476 0.000000 0.016540 0.987294 -0.158042 10.763900 0.002166 0.158028 0.987432 1.243500 0.000000 0.000000 0.000000 1.000000
0.999975 0.006465 -0.002961 -0.000000 -0.006840 0.988335 -0.152142 10.763900 0.001943 0.152159 0.988354 1.243500 0.000000 0.000000 0.000000 1.000000
0.999694 0.024310 -0.004591 0.000000 -0.024720 0.988953 -0.146154 10.763900 0.000987 0.146223 0.989251 1.243500 0.000000 0.000000 0.000000 1.000000
0.999378 0.034962 -0.004555 0.000000 -0.035255 0.989523 -0.140005 10.763900 -0.000388 0.140078 0.990140 1.243500 0.000000 0.000000 0.000000 1.000000
0.999184 0.040261 -0.003089 0.000000 -0.040312 0.990191 -0.133777 10.763900 -0.002327 0.133792 0.991007 1.243500 0.000000 0.000000 0.000000 1.000000
0.999166 0.040829 0.000190 0.000000 -0.040473 0.991036 -0.127313 10.763900 -0.005387 0.127199 0.991863 1.243500 0.000000 0.000000 0.000000 1.000000
0.999305 0.036891 0.005331 0.000000 -0.035981 0.992059 -0.120515 10.763900 -0.009734 0.120239 0.992697 1.243500 0.000000 0.000000 0.000000 1.000000
0.999459 0.031034 0.010855 0.000000 -0.029590 0.992993 -0.114410 10.763900 -0.014330 0.114027 0.993374 1.243500 0.000000 0.000000 0.000000 1.000000
0.999549 0.026532 0.014037 -0.000000 -0.024815 0.993525 -0.110875 10.763900 -0.016888 0.110477 0.993735 1.243500 0.000000 0.000000 0.000000 1.000000
0.999633 0.023665 0.013181 0.000000 -0.022066 0.993634 -0.110474 10.763900 -0.015711 0.110143 0.993792 1.243500 0.000000 0.000000 0.000000 1.000000
0.999731 0.020915 0.010035 0.000000 -0.019664 0.993540 -0.111762 10.763900 -0.012308 0.111534 0.993684 1.243500 0.000000 0.000000 0.000000 1.000000
0.999789 0.018701 0.008541 0.000000 -0.017612 0.993387 -0.113458 10.763900 -0.010606 0.113284 0.993506 1.243500 0.000000 0.000000 0.000000 1.000000
0.999773 0.018682 0.010256 0.000000 -0.017371 0.993130 -0.115717 10.763900 -0.012347 0.115512 0.993229 1.243500 0.000000 0.000000 0.000000 1.000000
0.999701 0.020643 0.013080 0.000000 -0.018947 0.992752 -0.118674 10.763900 -0.015435 0.118391 0.992847 1.243500 0.000000 0.000000 0.000000 1.000000
0.999630 0.022788 0.014831 0.000000 -0.020820 0.992374 -0.121493 10.763900 -0.017486 0.121139 0.992481 1.243500 0.000000 0.000000 0.000000 1.000000
0.999587 0.024245 0.015426 0.000000 -0.022162 0.992122 -0.123299 10.763900 -0.018294 0.122906 0.992250 1.243500 0.000000 0.000000 0.000000 1.000000
0.999556 0.025414 0.015564 -0.000000 -0.023293 0.992021 -0.123900 10.763900 -0.018589 0.123482 0.992173 1.243500 0.000000 0.000000 0.000000 1.000000
0.999527 0.026572 0.015480 0.000000 -0.024456 0.992018 -0.123700 10.763900 -0.018643 0.123263 0.992199 1.243500 0.000000 0.000000 0.000000 1.000000
0.999508 0.027444 0.015171 -0.000000 -0.025368 0.992044 -0.123312 10.763900 -0.018435 0.122866 0.992252 1.243500 0.000000 0.000000 0.000000 1.000000
0.999508 0.027745 0.014661 0.000000 -0.025734 0.992070 -0.123023 10.763900 -0.017958 0.122585 0.992295 1.243500 0.000000 0.000000 0.000000 1.000000
0.999525 0.027457 0.013965 0.000000 -0.025538 0.992107 -0.122765 10.763900 -0.017226 0.122350 0.992338 1.243500 0.000000 0.000000 0.000000 1.000000
0.999557 0.026723 0.013131 0.000000 -0.024917 0.992164 -0.122430 10.763900 -0.016300 0.122049 0.992390 1.243500 0.000000 0.000000 0.000000 1.000000
0.999594 0.025666 0.012339 0.000000 -0.023972 0.992253 -0.121899 10.763900 -0.015372 0.121554 0.992466 1.243500 0.000000 0.000000 0.000000 1.000000
0.999636 0.024285 0.011751 0.000000 -0.022686 0.992386 -0.121063 10.763900 -0.014602 0.120753 0.992575 1.243500 0.000000 0.000000 0.000000 1.000000
0.999682 0.022527 0.011345 0.000000 -0.021004 0.992553 -0.119989 10.763900 -0.013964 0.119713 0.992710 1.243500 0.000000 0.000000 0.000000 1.000000
0.999731 0.020467 0.010940 0.000000 -0.019023 0.992730 -0.118853 10.763900 -0.013293 0.118613 0.992852 1.243500 0.000000 0.000000 0.000000 1.000000
0.999776 0.018376 0.010491 0.000000 -0.017013 0.992889 -0.117824 10.763900 -0.012582 0.117619 0.992979 1.243500 0.000000 0.000000 0.000000 1.000000
0.999812 0.016538 0.010117 0.000000 -0.015241 0.993008 -0.117060 10.763900 -0.011982 0.116883 0.993073 1.243500 0.000000 0.000000 0.000000 1.000000
0.999836 0.015078 0.009987 0.000000 -0.013812 0.993080 -0.116624 10.763900 -0.011677 0.116467 0.993126 1.243500 0.000000 0.000000 0.000000 1.000000
0.999852 0.013982 0.010004 0.000000 -0.012723 0.993120 -0.116407 10.763900 -0.011562 0.116263 0.993151 1.243500 0.000000 0.000000 0.000000 1.000000
0.999863 0.013201 0.010005 0.000000 -0.011949 0.993148 -0.116247 10.763900 -0.011471 0.116112 0.993170 1.243500 0.000000 0.000000 0.000000 1.000000
0.999867 0.012886 0.010004 0.000000 -0.011637 0.993162 -0.116166 10.763900 -0.011433 0.116034 0.993179 1.243500 0.000000 0.000000 0.000000 1.000000</float_array>
        <technique_common>
