<?xml version="1.0" encoding="utf-8"?>
<COLLADA xmlns="http://www.collada.org/2005/11/COLLADASchema" version="1.4.1">
  <asset>
    <contributor>
      <author>Mixamo</author>
      <authoring_tool>COLLADA Mixamo exporter</authoring_tool>
      <comments/>
    </contributor>
    <created>2023-09-07T14:41:49Z</created>
    <modified>2023-09-07T14:41:49Z</modified>
    <revision/>
    <title/>
    <unit meter="0.010000"/>
    <up_axis>Y_UP</up_axis>
  </asset>
  <library_animations>
    <animation id="mixamorig_Hips-anim" name="mixamorig_Hips">
      <source id="mixamorig_Hips-Matrix-animation-input">
        <float_array id="mixamorig_Hips-Matrix-animation-input-array" count="160">

0.000000 0.033333 0.066667 0.100000 0.133333 0.166667 0.200000 0.233333 0.266667 0.300000 0.333333 0.366667 0.400000 0.433333 0.466667 0.500000
0.533333 0.566667 0.600000 0.633333 0.666667 0.700000 0.733333 0.766667 0.800000 0.833333 0.866667 0.900000 0.933333 0.966667 1.000000 1.033333
1.066667 1.100000 1.133333 1.166667 1.200000 1.233333 1.266667 1.300000 1.333333 1.366667 1.400000 1.433333 1.466667 1.500000 1.533333 1.566667
1.600000 1.633333 1.666667 1.700000 1.733333 1.766667 1.800000 1.833333 1.866667 1.900000 1.933333 1.966667 2.000000 2.033333 2.066667 2.100000
2.133333 2.166667 2.200000 2.233333 2.266667 2.300000 2.333333 2.366667 2.400000 2.433333 2.466667 2.500000 2.533333 2.566667 2.600000 2.633333
2.666667 2.700000 2.733333 2.766667 2.800000 2.833333 2.866667 2.900000 2.933333 2.966667 3.000000 3.033333 3.066667 3.100000 3.133333 3.166667
3.200000 3.233333 3.266667 3.300000 3.333333 3.366667 3.400000 3.433333 3.466667 3.500000 3.533333 3.566667 3.600000 3.633333 3.666667 3.700000
3.733333 3.766667 3.800000 3.833333 3.866667 3.900000 3.933333 3.966667 4.000000 4.033333 4.066667 4.100000 4.133333 4.166667 4.200000 4.233333
4.266667 4.300000 4.333333 4.366667 4.400000 4.433333 4.466667 4.500000 4.533333 4.566667 4.600000 4.633333 4.666667 4.700000 4.733333 4.766667
4.800000 4.833333 4.866667 4.900000 4.933333 4.966667 5.000000 5.033333 5.066667 5.100000 5.133333 5.166667 5.200000 5.233333 5.266667 5.300000</float_array>
        <technique_common>
          <accessor source="#mixamorig_Hips-Matrix-animation-input-array" count="160">
            <param name="TIME" type="float"/>
          </accessor>
        </technique_common>
      </source>
      <source id="mixamorig_Hips-Matrix-animation-output-transform">
        <float_array id="mixamorig_Hips-Matrix-animation-output-transform-array" count="2560">

0.999820 0.018948 0.000042 -0.000023 -0.018948 0.999811 0.004403 80.532974 0.000042 -0.004403 0.999990 0.000017 0.000000 0.000000 0.000000 1.000000
0.999816 0.019202 0.000199 0.000322 -0.019203 0.999808 0.003822 80.523033 -0.000126 -0.003825 0.999993 0.025537 0.000000 0.000000 0.000000 1.000000
0.999810 0.019482 0.000382 -0.002036 -0.019483 0.999805 0.003097 80.517914 -0.000322 -0.003104 0.999995 0.053375 0.000000 0.000000 0.000000 1.000000
0.999805 0.019716 0.000537 -0.006589 -0.019717 0.999803 0.002269 80.518089 -0.000492 -0.002279 0.999997 0.084036 0.000000 0.000000 0.000000 1.000000
0.999803 0.019816 0.000812 -0.013253 -0.019818 0.999803 0.001449 80.522141 -0.000784 -0.001464 0.999999 0.116563 0.000000 0.000000 0.000000 1.000000
0.999803 0.019831 0.001290 -0.022621 -0.019832 0.999803 0.000760 80.527512 -0.001274 -0.000785 0.999999 0.149992 0.000000 0.000000 0.000000 1.000000
0.999802 0.019819 0.001833 -0.034348 -0.019819 0.999804 0.000215 80.531708 -0.001828 -0.000252 0.999998 0.184737 0.000000 0.000000 0.000000 1.000000
0.999801 0.019820 0.002220 -0.046137 -0.019819 0.999804 -0.000284 80.533890 -0.002225 0.000240 0.999997 0.222499 0.000000 0.000000 0.000000 1.000000
0.999800 0.019874 0.002302 -0.055682 -0.019872 0.999802 -0.000834 80.535675 -0.002318 0.000788 0.999997 0.266555 0.000000 0.000000 0.000000 1.000000
0.999796 0.020053 0.002209 -0.062853 -0.020050 0.999798 -0.001434 80.540565 -0.002237 0.001389 0.999997 0.320312 0.000000 0.000000 0.000000 1.000000
0.999793 0.020249 0.002011 -0.068751 -0.020245 0.999793 -0.002012 80.552109 -0.002051 0.001971 0.999996 0.385481 0.000000 0.000000 0.000000 1.000000
0.999789 0.020469 0.001715 -0.074425 -0.020464 0.999788 -0.002460 80.572533 -0.001765 0.002424 0.999996 0.462040 0.000000 0.000000 0.000000 1.000000
0.999786 0.020671 0.001276 -0.079917 -0.020668 0.999784 -0.002315 80.602798 -0.001324 0.002288 0.999997 0.546506 0.000000 0.000000 0.000000 1.000000
0.999780 0.020962 0.000753 -0.083691 -0.020961 0.999778 -0.001974 80.642052 -0.000794 0.001957 0.999998 0.639998 0.000000 0.000000 0.000000 1.000000
0.999773 0.021295 0.000125 -0.085037 -0.021295 0.999771 -0.001976 80.685555 -0.000167 0.001973 0.999998 0.742335 0.000000 0.000000 0.000000 1.000000
0.999767 0.021568 -0.000880 -0.083126 -0.021570 0.999763 -0.002929 80.727936 0.000816 0.002947 0.999995 0.854964 0.000000 0.000000 0.000000 1.000000
0.999761 0.021758 -0.002331 -0.076706 -0.021769 0.999752 -0.004690 80.773056 0.002229 0.004740 0.999986 0.980872 0.000000 0.000000 0.000000 1.000000
0.999749 0.022106 -0.003518 -0.063643 -0.022128 0.999734 -0.006571 80.820869 0.003372 0.006647 0.999972 1.121287 0.000000 0.000000 0.000000 1.000000
0.999729 0.022998 -0.003466 -0.042525 -0.023026 0.999700 -0.008354 80.863289 0.003273 0.008432 0.999959 1.272236 0.000000 0.000000 0.000000 1.000000
0.999701 0.024360 -0.002099 -0.014747 -0.024380 0.999652 -0.010098 80.898537 0.001852 0.010146 0.999947 1.431115 0.000000 0.000000 0.000000 1.000000
0.999677 0.025397 -0.000323 0.015396 -0.025399 0.999613 -0.011367 80.928291 0.000034 0.011372 0.999935 1.604524 0.000000 0.000000 0.000000 1.000000
0.999674 0.025490 0.001160 0.043818 -0.025475 0.999607 -0.011714 80.953865 -0.001458 0.011680 0.999931 1.800290 0.000000 0.000000 0.000000 1.000000
0.999687 0.024901 0.002474 0.069400 -0.024871 0.999626 -0.011372 80.970573 -0.002756 0.011307 0.999932 2.016717 0.000000 0.000000 0.000000 1.000000
0.999698 0.024285 0.003867 0.094500 -0.024242 0.999647 -0.010904 80.972580 -0.004131 0.010807 0.999933 2.244973 0.000000 0.000000 0.000000 1.000000
0.999701 0.023904 0.005114 0.120733 -0.023848 0.999658 -0.010770 80.964508 -0.005370 0.010645 0.999929 2.475832 0.000000 0.000000 0.000000 1.000000
0.999703 0.023684 0.005795 0.148189 -0.023618 0.999658 -0.011232 80.949844 -0.006059 0.011092 0.999920 2.703711 0.000000 0.000000 0.000000 1.000000
0.999706 0.023551 0.005796 0.177338 -0.023478 0.999647 -0.012427 80.924889 -0.006086 0.012288 0.999906 2.928296 0.000000 0.000000 0.000000 1.000000
0.999710 0.023497 0.005293 0.213421 -0.023420 0.999626 -0.014100 80.879929 -0.005622 0.013972 0.999887 3.150004 0.000000 0.000000 0.000000 1.000000
0.999710 0.023686 0.004393 0.258931 -0.023614 0.999596 -0.015789 80.827423 -0.004766 0.015680 0.999866 3.368570 0.000000 0.000000 0.000000 1.000000
0.999705 0.024095 0.003027 0.323409 -0.024039 0.999561 -0.017324 80.765617 -0.003443 0.017246 0.999845 3.589798 0.000000 0.000000 0.000000 1.000000
0.999703 0.024346 0.001191 0.398446 -0.024320 0.999531 -0.018620 80.711403 -0.001644 0.018585 0.999826 3.811422 0.000000 0.000000 0.000000 1.000000
0.999707 0.024164 -0.001081 0.469205 -0.024181 0.999516 -0.019555 80.687820 0.000608 0.019575 0.999808 4.030737 0.000000 0.000000 0.000000 1.000000
0.999713 0.023698 -0.003527 0.539221 -0.023765 0.999516 -0.020075 80.681976 0.003050 0.020153 0.999792 4.254507 0.000000 0.000000 0.000000 1.000000
0.999718 0.023080 -0.005648 0.609552 -0.023189 0.999529 -0.020112 80.692635 0.005181 0.020237 0.999782 4.480041 0.000000 0.000000 0.000000 1.000000
0.999723 0.022419 -0.007154 0.681621 -0.022556 0.999551 -0.019704 80.720970 0.006709 0.019860 0.999780 4.701772 0.000000 0.000000 0.000000 1.000000
0.999730 0.021755 -0.008201 0.754351 -0.021907 0.999582 -0.018888 80.767838 0.007787 0.019063 0.999788 4.916127 0.000000 0.000000 0.000000 1.000000
0.999736 0.021099 -0.009126 0.824453 -0.021258 0.999618 -0.017684 80.831451 0.008749 0.017874 0.999802 5.119756 0.000000 0.000000 0.000000 1.000000
0.999738 0.020541 -0.010146 0.890667 -0.020703 0.999655 -0.016135 80.907135 0.009811 0.016340 0.999818 5.307982 0.000000 0.000000 0.000000 1.000000
0.999733 0.020114 -0.011379 0.954109 -0.020276 0.999692 -0.014301 80.990379 0.011088 0.014528 0.999833 5.477507 0.000000 0.000000 0.000000 1.000000
0.999722 0.019671 -0.012981 1.014477 -0.019831 0.999728 -0.012301 81.077301 0.012736 0.012555 0.999840 5.627622 0.000000 0.000000 0.000000 1.000000
0.999701 0.019175 -0.015191 1.071999 -0.019332 0.999761 -0.010243 81.164551 0.014991 0.010534 0.999832 5.757331 0.000000 0.000000 0.000000 1.000000
0.999660 0.018690 -0.018180 1.129637 -0.018842 0.999789 -0.008200 81.248016 0.018023 0.008540 0.999801 5.863907 0.000000 0.000000 0.000000 1.000000
0.999597 0.018223 -0.021778 1.191388 -0.018364 0.999811 -0.006312 81.325424 0.021658 0.006710 0.999743 5.945443 0.000000 0.000000 0.000000 1.000000
0.999520 0.017675 -0.025427 1.256690 -0.017802 0.999830 -0.004783 81.398895 0.025338 0.005233 0.999665 6.002703 0.000000 0.000000 0.000000 1.000000
0.999447 0.016951 -0.028592 1.319726 -0.017062 0.999848 -0.003626 81.473045 0.028526 0.004112 0.999585 6.038288 0.000000 0.000000 0.000000 1.000000
0.999385 0.016135 -0.031137 1.375563 -0.016224 0.999865 -0.002595 81.551155 0.031091 0.003099 0.999512 6.055646 0.000000 0.000000 0.000000 1.000000
0.999331 0.015415 -0.033166 1.424337 -0.015474 0.999879 -0.001524 81.632736 0.033139 0.002036 0.999449 6.059494 0.000000 0.000000 0.000000 1.000000
0.999291 0.014805 -0.034619 1.467419 -0.014835 0.999890 -0.000600 81.715088 0.034606 0.001113 0.999400 6.055223 0.000000 0.000000 0.000000 1.000000
0.999280 0.014176 -0.035195 1.503260 -0.014186 0.999899 -0.000039 81.796112 0.035190 0.000538 0.999380 6.047216 0.000000 0.000000 0.000000 1.000000
0.999307 0.013451 -0.034711 1.527678 -0.013450 0.999910 0.000256 81.874733 0.034711 0.000211 0.999397 6.039189 0.000000 0.000000 0.000000 1.000000
0.999359 0.012664 -0.033470 1.541502 -0.012657 0.999920 0.000421 81.951256 0.033473 0.000003 0.999440 6.034769 0.000000 0.000000 0.000000 1.000000
0.999417 0.011702 -0.032079 1.550036 -0.011694 0.999932 0.000425 82.028351 0.032081 -0.000050 0.999485 6.035653 0.000000 0.000000 0.000000 1.000000
0.999469 0.010405 -0.030871 1.558595 -0.010404 0.999946 0.000190 82.104614 0.030871 0.000132 0.999523 6.039458 0.000000 0.000000 0.000000 1.000000
0.999517 0.008789 -0.029815 1.565398 -0.008797 0.999961 -0.000128 82.178596 0.029812 0.000390 0.999555 6.040666 0.000000 0.000000 0.000000 1.000000
0.999557 0.007191 -0.028896 1.566149 -0.007203 0.999974 -0.000307 82.250351 0.028893 0.000515 0.999582 6.034768 0.000000 0.000000 0.000000 1.000000
0.999581 0.005931 -0.028344 1.557787 -0.005945 0.999982 -0.000399 82.319916 0.028341 0.000568 0.999598 6.018644 0.000000 0.000000 0.000000 1.000000
0.999584 0.005006 -0.028413 1.537699 -0.005024 0.999987 -0.000585 82.384697 0.028410 0.000727 0.999596 5.989650 0.000000 0.000000 0.000000 1.000000
0.999569 0.004210 -0.029055 1.502867 -0.004244 0.999990 -0.001097 82.442894 0.029050 0.001220 0.999577 5.945546 0.000000 0.000000 0.000000 1.000000
0.999546 0.003508 -0.029919 1.453237 -0.003568 0.999992 -0.001947 82.496780 0.029912 0.002052 0.999550 5.887354 0.000000 0.000000 0.000000 1.000000
0.999529 0.003115 -0.030520 1.391328 -0.003206 0.999991 -0.002937 82.550674 0.030510 0.003033 0.999530 5.820073 0.000000 0.000000 0.000000 1.000000
0.999534 0.003216 -0.030370 1.318982 -0.003333 0.999987 -0.003780 82.607712 0.030357 0.003880 0.999532 5.750213 0.000000 0.000000 0.000000 1.000000
0.999564 0.003723 -0.029306 1.238568 -0.003849 0.999984 -0.004248 82.667931 0.029289 0.004359 0.999561 5.683148 0.000000 0.000000 0.000000 1.000000
0.999609 0.004417 -0.027601 1.154034 -0.004538 0.999980 -0.004324 82.727341 0.027581 0.004447 0.999610 5.621260 0.000000 0.000000 0.000000 1.000000
0.999656 0.005189 -0.025701 1.068942 -0.005298 0.999977 -0.004177 82.779793 0.025679 0.004311 0.999661 5.562337 0.000000 0.000000 0.000000 1.000000
0.999692 0.006022 -0.024058 0.986813 -0.006119 0.999974 -0.003927 82.820053 0.024034 0.004073 0.999703 5.500955 0.000000 0.000000 0.000000 1.000000
0.999711 0.006898 -0.023025 0.911686 -0.006982 0.999969 -0.003571 82.844543 0.023000 0.003731 0.999729 5.433227 0.000000 0.000000 0.000000 1.000000
0.999712 0.007803 -0.022675 0.847543 -0.007876 0.999964 -0.003142 82.852409 0.022650 0.003320 0.999738 5.359713 0.000000 0.000000 0.000000 1.000000
0.999706 0.008677 -0.022653 0.795978 -0.008742 0.999958 -0.002776 82.847099 0.022628 0.002973 0.999740 5.284230 0.000000 0.000000 0.000000 1.000000
0.999701 0.009340 -0.022581 0.755237 -0.009403 0.999952 -0.002713 82.836037 0.022555 0.002925 0.999741 5.210846 0.000000 0.000000 0.000000 1.000000
0.999709 0.009589 -0.022155 0.723014 -0.009663 0.999948 -0.003214 82.826584 0.022123 0.003427 0.999749 5.142288 0.000000 0.000000 0.000000 1.000000
0.999730 0.009459 -0.021233 0.700232 -0.009552 0.999945 -0.004300 82.821938 0.021192 0.004502 0.999765 5.080442 0.000000 0.000000 0.000000 1.000000
0.999760 0.009242 -0.019879 0.688901 -0.009356 0.999941 -0.005603 82.821175 0.019826 0.005787 0.999787 5.025752 0.000000 0.000000 0.000000 1.000000
0.999790 0.009206 -0.018327 0.687102 -0.009329 0.999934 -0.006646 82.821297 0.018264 0.006816 0.999810 4.976948 0.000000 0.000000 0.000000 1.000000
0.999815 0.009246 -0.016868 0.690267 -0.009370 0.999930 -0.007275 82.819305 0.016800 0.007432 0.999831 4.932628 0.000000 0.000000 0.000000 1.000000
0.999833 0.009316 -0.015729 0.695467 -0.009437 0.999926 -0.007693 82.814049 0.015656 0.007840 0.999847 4.892606 0.000000 0.000000 0.000000 1.000000
0.999843 0.009418 -0.014985 0.701639 -0.009541 0.999921 -0.008132 82.807571 0.014908 0.008274 0.999855 4.857762 0.000000 0.000000 0.000000 1.000000
0.999848 0.009539 -0.014616 0.708148 -0.009665 0.999917 -0.008570 82.804070 0.014533 0.008710 0.999856 4.827656 0.000000 0.000000 0.000000 1.000000
0.999844 0.009781 -0.014722 0.714424 -0.009911 0.999912 -0.008809 82.806183 0.014635 0.008953 0.999853 4.798328 0.000000 0.000000 0.000000 1.000000
0.999829 0.010071 -0.015509 0.722264 -0.010208 0.999909 -0.008799 82.811523 0.015418 0.008956 0.999841 4.764077 0.000000 0.000000 0.000000 1.000000
0.999804 0.010313 -0.016908 0.736667 -0.010462 0.999907 -0.008778 82.814018 0.016816 0.008953 0.999819 4.720118 0.000000 0.000000 0.000000 1.000000
0.999774 0.010604 -0.018417 0.760389 -0.010771 0.999902 -0.008987 82.808434 0.018320 0.009184 0.999790 4.662349 0.000000 0.000000 0.000000 1.000000
0.999749 0.011052 -0.019476 0.787542 -0.011237 0.999892 -0.009424 82.795204 0.019370 0.009640 0.999766 4.587912 0.000000 0.000000 0.000000 1.000000
0.999739 0.011488 -0.019772 0.808125 -0.011685 0.999883 -0.009886 82.781448 0.019656 0.010114 0.999756 4.496607 0.000000 0.000000 0.000000 1.000000
0.999747 0.011670 -0.019206 0.818179 -0.011871 0.999876 -0.010395 82.774986 0.019082 0.010620 0.999762 4.392246 0.000000 0.000000 0.000000 1.000000
0.999770 0.011735 -0.017960 0.823083 -0.011938 0.999865 -0.011265 82.777977 0.017825 0.011477 0.999775 4.281433 0.000000 0.000000 0.000000 1.000000
0.999792 0.012061 -0.016446 0.829578 -0.012268 0.999846 -0.012544 82.786377 0.016292 0.012743 0.999786 4.170340 0.000000 0.000000 0.000000 1.000000
0.999808 0.012731 -0.014923 0.841133 -0.012937 0.999821 -0.013778 82.794350 0.014745 0.013968 0.999794 4.062654 0.000000 0.000000 0.000000 1.000000
0.999819 0.013556 -0.013371 0.858780 -0.013749 0.999800 -0.014508 82.798454 0.013172 0.014689 0.999805 3.959613 0.000000 0.000000 0.000000 1.000000
0.999827 0.014418 -0.011774 0.882366 -0.014590 0.999787 -0.014608 82.796669 0.011561 0.014777 0.999824 3.860703 0.000000 0.000000 0.000000 1.000000
0.999829 0.015322 -0.010327 0.911599 -0.015466 0.999781 -0.014099 82.785759 0.010109 0.014257 0.999847 3.765829 0.000000 0.000000 0.000000 1.000000
0.999825 0.016268 -0.009282 0.947661 -0.016387 0.999782 -0.012964 82.762802 0.009069 0.013113 0.999873 3.678948 0.000000 0.000000 0.000000 1.000000
0.999815 0.017145 -0.008698 0.992433 -0.017242 0.999789 -0.011130 82.730392 0.008505 0.011278 0.999900 3.603454 0.000000 0.000000 0.000000 1.000000
0.999806 0.017747 -0.008486 1.043966 -0.017819 0.999805 -0.008547 82.694336 0.008333 0.008697 0.999927 3.539359 0.000000 0.000000 0.000000 1.000000
0.999801 0.017989 -0.008576 1.095385 -0.018035 0.999823 -0.005310 82.658295 0.008479 0.005464 0.999949 3.483488 0.000000 0.000000 0.000000 1.000000
0.999797 0.018102 -0.008826 1.142598 -0.018119 0.999834 -0.001773 82.623100 0.008793 0.001933 0.999959 3.432208 0.000000 0.000000 0.000000 1.000000
0.999792 0.018317 -0.009011 1.188561 -0.018304 0.999831 0.001601 82.589493 0.009038 -0.001436 0.999958 3.382039 0.000000 0.000000 0.000000 1.000000
0.999785 0.018704 -0.009001 1.234107 -0.018663 0.999815 0.004669 82.557739 0.009087 -0.004500 0.999949 3.329895 0.000000 0.000000 0.000000 1.000000
0.999776 0.019150 -0.009023 1.272694 -0.019081 0.999788 0.007737 82.523514 0.009169 -0.007564 0.999929 3.275121 0.000000 0.000000 0.000000 1.000000
0.999767 0.019535 -0.009229 1.297058 -0.019431 0.999749 0.011195 82.483200 0.009446 -0.011013 0.999895 3.217440 0.000000 0.000000 0.000000 1.000000
0.999760 0.019796 -0.009400 1.306793 -0.019652 0.999693 0.015118 82.436684 0.009697 -0.014930 0.999842 3.156282 0.000000 0.000000 0.000000 1.000000
0.999760 0.019915 -0.009181 1.305300 -0.019735 0.999618 0.019330 82.385925 0.009562 -0.019144 0.999771 3.092615 0.000000 0.000000 0.000000 1.000000
0.999764 0.019999 -0.008475 1.294331 -0.019794 0.999524 0.023646 82.330498 0.008944 -0.023472 0.999684 3.029632 0.000000 0.000000 0.000000 1.000000
0.999768 0.020163 -0.007584 1.274290 -0.019945 0.999413 0.027853 82.268303 0.008141 -0.027696 0.999583 2.970768 0.000000 0.000000 0.000000 1.000000
0.999762 0.020667 -0.006985 1.248658 -0.020436 0.999290 0.031658 82.196785 0.007634 -0.031507 0.999474 2.917743 0.000000 0.000000 0.000000 1.000000
0.999745 0.021447 -0.007015 1.221621 -0.021189 0.999163 0.034985 82.114792 0.007760 -0.034827 0.999363 2.865900 0.000000 0.000000 0.000000 1.000000
0.999724 0.022227 -0.007571 1.188337 -0.021924 0.999038 0.037975 82.021599 0.008408 -0.037798 0.999250 2.811162 0.000000 0.000000 0.000000 1.000000
0.999706 0.022806 -0.008276 1.144087 -0.022451 0.998918 0.040717 81.918839 0.009195 -0.040519 0.999136 2.743870 0.000000 0.000000 0.000000 1.000000
0.999693 0.023117 -0.008865 1.081460 -0.022715 0.998813 0.043094 81.807907 0.009850 -0.042879 0.999032 2.659287 0.000000 0.000000 0.000000 1.000000
0.999690 0.023105 -0.009272 0.996908 -0.022666 0.998731 0.044976 81.691330 0.010299 -0.044752 0.998945 2.554697 0.000000 0.000000 0.000000 1.000000
0.999692 0.022809 -0.009743 0.894846 -0.022332 0.998667 0.046539 81.573792 0.010791 -0.046307 0.998869 2.425444 0.000000 0.000000 0.000000 1.000000
0.999698 0.022360 -0.010239 0.785950 -0.021844 0.998607 0.048022 81.464073 0.011298 -0.047783 0.998794 2.271418 0.000000 0.000000 0.000000 1.000000
0.999705 0.021857 -0.010609 0.681230 -0.021307 0.998551 0.049412 81.371834 0.011674 -0.049172 0.998722 2.101767 0.000000 0.000000 0.000000 1.000000
0.999711 0.021575 -0.010633 0.603533 -0.021011 0.998498 0.050601 81.300842 0.011708 -0.050363 0.998662 1.937694 0.000000 0.000000 0.000000 1.000000
0.999704 0.021923 -0.010570 0.570202 -0.021351 0.998443 0.051536 81.244957 0.011683 -0.051295 0.998615 1.801768 0.000000 0.000000 0.000000 1.000000
0.999690 0.022564 -0.010492 0.552250 -0.021984 0.998378 0.052515 81.200333 0.011660 -0.052269 0.998565 1.680871 0.000000 0.000000 0.000000 1.000000
0.999685 0.022844 -0.010417 0.530623 -0.022253 0.998309 0.053696 81.164818 0.011626 -0.053448 0.998503 1.562568 0.000000 0.000000 0.000000 1.000000
0.999689 0.022691 -0.010331 0.505028 -0.022091 0.998246 0.054924 81.135178 0.011559 -0.054678 0.998437 1.448524 0.000000 0.000000 0.000000 1.000000
0.999697 0.022398 -0.010172 0.474965 -0.021794 0.998193 0.056003 81.110725 0.011408 -0.055764 0.998379 1.340019 0.000000 0.000000 0.000000 1.000000
0.999704 0.022148 -0.010060 0.440372 -0.021542 0.998154 0.056789 81.089828 0.011299 -0.056555 0.998336 1.240471 0.000000 0.000000 0.000000 1.000000
0.999715 0.021652 -0.010093 0.396726 -0.021040 0.998139 0.057234 81.070236 0.011313 -0.057006 0.998310 1.155813 0.000000 0.000000 0.000000 1.000000
0.999730 0.020903 -0.010178 0.351024 -0.020285 0.998142 0.057462 81.052864 0.011361 -0.057240 0.998296 1.082659 0.000000 0.000000 0.000000 1.000000
0.999745 0.020113 -0.010243 0.308986 -0.019493 0.998160 0.057415 81.037209 0.011379 -0.057201 0.998298 1.017380 0.000000 0.000000 0.000000 1.000000
0.999758 0.019505 -0.010193 0.274908 -0.018896 0.998206 0.056809 81.024353 0.011283 -0.056602 0.998333 0.960830 0.000000 0.000000 0.000000 1.000000
0.999767 0.019197 -0.009868 0.250170 -0.018620 0.998283 0.055535 81.015884 0.010918 -0.055338 0.998408 0.917097 0.000000 0.000000 0.000000 1.000000
0.999772 0.019211 -0.009345 0.232971 -0.018681 0.998374 0.053852 81.011436 0.010364 -0.053665 0.998505 0.889581 0.000000 0.000000 0.000000 1.000000
0.999771 0.019459 -0.008878 0.220804 -0.018970 0.998459 0.052146 81.008316 0.009879 -0.051966 0.998600 0.878671 0.000000 0.000000 0.000000 1.000000
0.999767 0.019706 -0.008758 0.211510 -0.019238 0.998531 0.050647 81.001976 0.009743 -0.050467 0.998678 0.880826 0.000000 0.000000 0.000000 1.000000
0.999759 0.019988 -0.009069 0.206939 -0.019517 0.998590 0.049360 80.989166 0.010043 -0.049171 0.998740 0.890291 0.000000 0.000000 0.000000 1.000000
0.999748 0.020277 -0.009635 0.206886 -0.019790 0.998639 0.048247 80.974617 0.010600 -0.048044 0.998789 0.900890 0.000000 0.000000 0.000000 1.000000
0.999737 0.020536 -0.010234 0.209440 -0.020030 0.998678 0.047339 80.960403 0.011193 -0.047122 0.998826 0.908398 0.000000 0.000000 0.000000 1.000000
0.999725 0.020822 -0.010806 0.213568 -0.020297 0.998708 0.046587 80.947266 0.011762 -0.046354 0.998856 0.912043 0.000000 0.000000 0.000000 1.000000
0.999712 0.021154 -0.011310 0.218544 -0.020615 0.998739 0.045771 80.934799 0.012264 -0.045524 0.998888 0.915366 0.000000 0.000000 0.000000 1.000000
0.999704 0.021427 -0.011544 0.224020 -0.020889 0.998774 0.044887 80.918854 0.012492 -0.044633 0.998925 0.918832 0.000000 0.000000 0.000000 1.000000
0.999705 0.021478 -0.011348 0.231869 -0.020959 0.998811 0.044011 80.902939 0.012280 -0.043760 0.998967 0.920053 0.000000 0.000000 0.000000 1.000000
0.999719 0.021129 -0.010767 0.244453 -0.020645 0.998851 0.043241 80.885353 0.011668 -0.043007 0.999007 0.919454 0.000000 0.000000 0.000000 1.000000
0.999741 0.020449 -0.009948 0.260512 -0.020008 0.998894 0.042545 80.864166 0.010807 -0.042335 0.999045 0.917011 0.000000 0.000000 0.000000 1.000000
0.999764 0.019766 -0.008959 0.275528 -0.019375 0.998940 0.041761 80.838409 0.009775 -0.041577 0.999087 0.912063 0.000000 0.000000 0.000000 1.000000
0.999782 0.019365 -0.007870 0.286120 -0.019029 0.998990 0.040703 80.807869 0.008650 -0.040544 0.999140 0.903690 0.000000 0.000000 0.000000 1.000000
0.999791 0.019209 -0.007013 0.292946 -0.018921 0.999054 0.039160 80.772202 0.007759 -0.039020 0.999208 0.889429 0.000000 0.000000 0.000000 1.000000
0.999795 0.019075 -0.006844 0.298248 -0.018809 0.999138 0.037003 80.731949 0.007544 -0.036867 0.999292 0.867703 0.000000 0.000000 0.000000 1.000000
0.999790 0.019081 -0.007481 0.302134 -0.018812 0.999231 0.034411 80.689552 0.008132 -0.034263 0.999380 0.840460 0.000000 0.000000 0.000000 1.000000
0.999780 0.019149 -0.008564 0.302716 -0.018868 0.999317 0.031762 80.647469 0.009166 -0.031593 0.999459 0.810161 0.000000 0.000000 0.000000 1.000000
0.999771 0.019242 -0.009413 0.298599 -0.018959 0.999392 0.029272 80.605553 0.009970 -0.029087 0.999527 0.775964 0.000000 0.000000 0.000000 1.000000
0.999767 0.019375 -0.009497 0.290680 -0.019114 0.999457 0.026833 80.561447 0.010012 -0.026645 0.999595 0.734602 0.000000 0.000000 0.000000 1.000000
0.999770 0.019526 -0.008891 0.279328 -0.019305 0.999521 0.024204 80.512016 0.009359 -0.024027 0.999668 0.683617 0.000000 0.000000 0.000000 1.000000
0.999772 0.019807 -0.007955 0.261955 -0.019634 0.999581 0.021291 80.464149 0.008373 -0.021130 0.999742 0.606390 0.000000 0.000000 0.000000 1.000000
0.999777 0.019983 -0.006863 0.240246 -0.019854 0.999633 0.018422 80.416618 0.007229 -0.018282 0.999807 0.505659 0.000000 0.000000 0.000000 1.000000
0.999784 0.020004 -0.005639 0.219532 -0.019912 0.999674 0.015978 80.361687 0.005956 -0.015862 0.999856 0.401957 0.000000 0.000000 0.000000 1.000000
0.999791 0.019958 -0.004349 0.202338 -0.019896 0.999705 0.013950 80.303711 0.004627 -0.013860 0.999893 0.299743 0.000000 0.000000 0.000000 1.000000
0.999797 0.019881 -0.003143 0.188419 -0.019841 0.999728 0.012250 80.248642 0.003385 -0.012185 0.999920 0.202514 0.000000 0.000000 0.000000 1.000000
0.999804 0.019701 -0.002139 0.175379 -0.019677 0.999747 0.010892 80.203087 0.002353 -0.010848 0.999938 0.113466 0.000000 0.000000 0.000000 1.000000
0.999811 0.019368 -0.001370 0.160452 -0.019353 0.999764 0.009837 80.174026 0.001560 -0.009808 0.999951 0.035963 0.000000 0.000000 0.000000 1.000000
0.999821 0.018902 -0.000829 0.142409 -0.018894 0.999782 0.008880 80.167473 0.000997 -0.008863 0.999960 -0.026849 0.000000 0.000000 0.000000 1.000000
0.999830 0.018419 -0.000519 0.122252 -0.018414 0.999800 0.007848 80.186508 0.000664 -0.007837 0.999969 -0.071862 0.000000 0.000000 0.000000 1.000000
0.999837 0.018059 -0.000383 0.101719 -0.018056 0.999814 0.006786 80.229980 0.000506 -0.006778 0.999977 -0.096459 0.000000 0.000000 0.000000 1.000000
0.999839 0.017922 -0.000293 0.081535 -0.017920 0.999822 0.005873 80.292313 0.000398 -0.005867 0.999983 -0.100678 0.000000 0.000000 0.000000 1.000000
0.999839 0.017953 -0.000197 0.061752 -0.017951 0.999825 0.005200 80.363617 0.000290 -0.005195 0.999986 -0.087983 0.000000 0.000000 0.000000 1.000000
0.999835 0.018173 -0.000102 0.041681 -0.018173 0.999824 0.004748 80.432632 0.000189 -0.004746 0.999989 -0.063578 0.000000 0.000000 0.000000 1.000000
0.999828 0.018525 -0.000030 0.021030 -0.018525 0.999818 0.004472 80.490524 0.000113 -0.004470 0.999990 -0.032736 0.000000 0.000000 0.000000 1.000000
0.999820 0.018948 0.000042 -0.000026 -0.018948 0.999811 0.004403 80.532974 0.000042 -0.004403 0.999990 0.000016 0.000000 0.000000 0.000000 1.000000</float_array>
        <technique_common>
          <accessor source="#mixamorig_Hips-Matrix-animation-output-transform-array" count="160" stride="16">
            <param type="float4x4"/>
          </accessor>
        </technique_common>
      </source>
      <source id="mixamorig_Hips-Interpolations">
        <Name_array id="mixamorig_Hips-Interpolations-array" count="160">
 LINEAR LINEAR LINEAR LINEAR LINEAR LINEAR LINEAR LINEAR LINEAR LINEAR LINEAR
LINEAR LINEAR LINEAR LINEAR LINEAR LINEAR LINEAR LINEAR LINEAR LINEAR LINEAR LINEAR
LINEAR LINEAR LINEAR LINEAR LINEAR LINEAR LINEAR LINEAR LINEAR LINEAR LINEAR LINEAR
LINEAR LINEAR LINEAR LINEAR LINEAR LINEAR LINEAR LINEAR LINEAR LINEAR LINEAR LINEAR
LINEAR LINEAR LINEAR LINEAR LINEAR LINEAR LINEAR LINEAR LINEAR LINEAR LINEAR LINEAR
LINEAR LINEAR LINEAR LINEAR LINEAR LINEAR LINEAR LINEAR LINEAR LINEAR LINEAR LINEAR
LINEAR LINEAR LINEAR LINEAR LINEAR LINEAR LINEAR LINEAR LINEAR LINEAR LINEAR LINEAR
LINEAR LINEAR LINEAR LINEAR LINEAR LINEAR LINEAR LINEAR LINEAR LINEAR LINEAR LINEAR
LINEAR LINEAR LINEAR LINEAR LINEAR LINEAR LINEAR LINEAR LINEAR LINEAR LINEAR LINEAR
LINEAR LINEAR LINEAR LINEAR LINEAR LINEAR LINEAR LINEAR LINEAR LINEAR LINEAR LINEAR
LINEAR LINEAR LINEAR LINEAR LINEAR LINEAR LINEAR LINEAR LINEAR LINEAR LINEAR LINEAR
LINEAR LINEAR LINEAR LINEAR LINEAR LINEAR LINEAR LINEAR LINEAR LINEAR LINEAR LINEAR
LINEAR LINEAR LINEAR LINEAR LINEAR LINEAR LINEAR LINEAR LINEAR LINEAR LINEAR LINEAR
LINEAR LINEAR LINEAR LINEAR LINEAR</Name_array>
        <technique_common>
          <accessor source="#mixamorig_Hips-Interpolations-array" count="160">
            <param type="name"/>
          </accessor>
        </technique_common>
      </source>
      <sampler id="mixamorig_Hips-Matrix-animation-transform">
        <input semantic="INPUT" source="#mixamorig_Hips-Matrix-animation-input"/>
        <input semantic="OUTPUT" source="#mixamorig_Hips-Matrix-animation-output-transform"/>
        <input semantic="INTERPOLATION" source="#mixamorig_Hips-Interpolations"/>
      </sampler>
      <channel source="#mixamorig_Hips-Matrix-animation-transform" target="mixamorig_Hips/matrix"/>
    </animation>
    <animation id="mixamorig_Spine-anim" name="mixamorig_Spine">
      <source id="mixamorig_Spine-Matrix-animation-input">
        <float_array id="mixamorig_Spine-Matrix-animation-input-array" count="160">

0.000000 0.033333 0.066667 0.100000 0.133333 0.166667 0.200000 0.233333 0.266667 0.300000 0.333333 0.366667 0.400000 0.433333 0.466667 0.500000
0.533333 0.566667 0.600000 0.633333 0.666667 0.700000 0.733333 0.766667 0.800000 0.833333 0.866667 0.900000 0.933333 0.966667 1.000000 1.033333
1.066667 1.100000 1.133333 1.166667 1.200000 1.233333 1.266667 1.300000 1.333333 1.366667 1.400000 1.433333 1.466667 1.500000 1.533333 1.566667
1.600000 1.633333 1.666667 1.700000 1.733333 1.766667 1.800000 1.833333 1.866667 1.900000 1.933333 1.966667 2.000000 2.033333 2.066667 2.100000
2.133333 2.166667 2.200000 2.233333 2.266667 2.300000 2.333333 2.366667 2.400000 2.433333 2.466667 2.500000 2.533333 2.566667 2.600000 2.633333
2.666667 2.700000 2.733333 2.766667 2.800000 2.833333 2.866667 2.900000 2.933333 2.966667 3.000000 3.033333 3.066667 3.100000 3.133333 3.166667
3.200000 3.233333 3.266667 3.300000 3.333333 3.366667 3.400000 3.433333 3.466667 3.500000 3.533333 3.566667 3.600000 3.633333 3.666667 3.700000
3.733333 3.766667 3.800000 3.833333 3.866667 3.900000 3.933333 3.966667 4.000000 4.033333 4.066667 4.100000 4.133333 4.166667 4.200000 4.233333
4.266667 4.300000 4.333333 4.366667 4.400000 4.433333 4.466667 4.500000 4.533333 4.566667 4.600000 4.633333 4.666667 4.700000 4.733333 4.766667
4.800000 4.833333 4.866667 4.900000 4.933333 4.966667 5.000000 5.033333 5.066667 5.100000 5.133333 5.166667 5.200000 5.233333 5.266667 5.300000</float_array>
        <technique_common>
          <accessor source="#mixamorig_Spine-Matrix-animation-input-array" count="160">
            <param name="TIME" type="float"/>
          </accessor>
        </technique_common>
      </source>
      <source id="mixamorig_Spine-Matrix-animation-output-transform">
        <float_array id="mixamorig_Spine-Matrix-animation-output-transform-array" count="2560">

0.999957 -0.007955 0.004753 0.000000 0.009019 0.953231 -0.302107 10.763900 -0.002127 0.302137 0.953262 1.243500 0.000000 0.000000 0.000000 1.000000
0.999957 -0.007926 0.004750 0.000000 0.008990 0.953229 -0.302116 10.763900 -0.002133 0.302145 0.953259 1.243500 0.000000 0.000000 0.000000 1.000000
0.999958 -0.007899 0.004742 0.000000 0.008963 0.953242 -0.302076 10.763900 -0.002134 0.302106 0.953272 1.243500 0.000000 0.000000 0.000000 1.000000
0.999958 -0.007875 0.004727 0.000000 0.008935 0.953277 -0.301964 10.763900 -0.002128 0.301994 0.953307 1.243500 0.000000 0.000000 0.000000 1.000000
0.999958 -0.007858 0.004708 0.000000 0.008912 0.953332 -0.301792 10.763900 -0.002117 0.301822 0.953362 1.243500 0.000000 0.000000 0.000000 1.000000
0.999958 -0.007851 0.004690 0.000000 0.008900 0.953392 -0.301603 10.763900 -0.002104 0.301632 0.953422 1.243500 0.000000 0.000000 0.000000 1.000000
0.999958 -0.007851 0.004677 -0.000000 0.008895 0.953446 -0.301432 10.763900 -0.002092 0.301461 0.953476 1.243500 0.000000 0.000000 0.000000 1.000000
0.999958 -0.007851 0.004666 -0.000000 0.008892 0.953501 -0.301257 10.763900 -0.002084 0.301286 0.953531 1.243500 0.000000 0.000000 0.000000 1.000000
0.999958 -0.007851 0.004657 0.000000 0.008889 0.953583 -0.301000 10.763900 -0.002078 0.301029 0.953613 1.243500 0.000000 0.000000 0.000000 1.000000
0.999958 -0.007863 0.004649 0.000000 0.008897 0.953722 -0.300559 10.763900 -0.002070 0.300588 0.953752 1.243500 0.000000 0.000000 0.000000 1.000000
0.999958 -0.007902 0.004644 -0.000000 0.008931 0.953942 -0.299857 10.763900 -0.002061 0.299886 0.953973 1.243500 0.000000 0.000000 0.000000 1.000000
0.999957 -0.007979 0.004647 0.000000 0.009003 0.954249 -0.298878 10.763900 -0.002050 0.298908 0.954280 1.243500 0.000000 0.000000 0.000000 1.000000
0.999957 -0.008019 0.004643 0.000000 0.009038 0.954533 -0.297967 10.763900 -0.002043 0.297996 0.954565 1.243500 0.000000 0.000000 0.000000 1.000000
0.999956 -0.008110 0.004626 0.000000 0.009118 0.954922 -0.296717 10.763900 -0.002011 0.296746 0.954954 1.243500 0.000000 0.000000 0.000000 1.000000
0.999956 -0.008217 0.004578 0.000000 0.009202 0.955438 -0.295049 10.763900 -0.001949 0.295078 0.955471 1.243500 0.000000 0.000000 0.000000 1.000000
0.999956 -0.008289 0.004489 -0.000000 0.009241 0.956105 -0.292878 10.763900 -0.001865 0.292906 0.956139 1.243500 0.000000 0.000000 0.000000 1.000000
0.999956 -0.008311 0.004363 0.000000 0.009220 0.956915 -0.290221 10.763900 -0.001763 0.290249 0.956950 1.243500 0.000000 0.000000 0.000000 1.000000
0.999956 -0.008337 0.004187 0.000000 0.009188 0.957827 -0.287198 10.763900 -0.001616 0.287224 0.957862 1.243500 0.000000 0.000000 0.000000 1.000000
0.999957 -0.008437 0.003933 0.000000 0.009206 0.958796 -0.283945 10.763900 -0.001375 0.283969 0.958833 1.243500 0.000000 0.000000 0.000000 1.000000
0.999956 -0.008607 0.003607 -0.000000 0.009274 0.959790 -0.280567 10.763900 -0.001047 0.280588 0.959828 1.243500 0.000000 0.000000 0.000000 1.000000
0.999956 -0.008767 0.003289 0.000000 0.009335 0.960775 -0.277171 10.763900 -0.000730 0.277189 0.960815 1.243500 0.000000 0.000000 0.000000 1.000000
0.999956 -0.008847 0.003064 0.000000 0.009348 0.961719 -0.273877 10.763900 -0.000524 0.273894 0.961760 1.243500 0.000000 0.000000 0.000000 1.000000
0.999957 -0.008843 0.002939 -0.000000 0.009308 0.962596 -0.270782 10.763900 -0.000435 0.270798 0.962636 1.243500 0.000000 0.000000 0.000000 1.000000
0.999958 -0.008760 0.002852 0.000000 0.009204 0.963401 -0.267906 10.763900 -0.000401 0.267921 0.963441 1.243500 0.000000 0.000000 0.000000 1.000000
0.999960 -0.008566 0.002758 0.000000 0.008991 0.964143 -0.265229 10.763900 -0.000387 0.265243 0.964181 1.243500 0.000000 0.000000 0.000000 1.000000
0.999963 -0.008190 0.002661 0.000000 0.008601 0.964821 -0.262769 10.763900 -0.000415 0.262782 0.964855 1.243500 0.000000 0.000000 0.000000 1.000000
0.999968 -0.007540 0.002567 0.000000 0.007948 0.965415 -0.260598 10.763900 -0.000514 0.260610 0.965444 1.243500 0.000000 0.000000 0.000000 1.000000
0.999976 -0.006521 0.002425 0.000000 0.006926 0.965911 -0.258781 10.763900 -0.000655 0.258792 0.965933 1.243500 0.000000 0.000000 0.000000 1.000000
0.999985 -0.005056 0.002134 0.000000 0.005435 0.966315 -0.257305 10.763900 -0.000761 0.257312 0.966328 1.243500 0.000000 0.000000 0.000000 1.000000
0.999994 -0.003192 0.001660 0.000000 0.003510 0.966656 -0.256054 10.763900 -0.000787 0.256058 0.966661 1.243500 0.000000 0.000000 0.000000 1.000000
0.999999 -0.001139 0.001082 -0.000000 0.001377 0.966990 -0.254810 10.763900 -0.000756 0.254811 0.966991 1.243500 0.000000 0.000000 0.000000 1.000000
0.999999 0.000892 0.000510 -0.000000 -0.000734 0.967370 -0.253366 10.763900 -0.000720 0.253366 0.967370 1.243500 0.000000 0.000000 0.000000 1.000000
0.999996 0.002846 0.000006 0.000000 -0.002753 0.967820 -0.251628 10.763900 -0.000722 0.251627 0.967824 1.243500 0.000000 0.000000 0.000000 1.000000
0.999989 0.004740 -0.000417 0.000000 -0.004694 0.968340 -0.249591 10.763900 -0.000779 0.249590 0.968351 1.243500 0.000000 0.000000 0.000000 1.000000
0.999978 0.006557 -0.000760 0.000000 -0.006541 0.968922 -0.247280 10.763900 -0.000885 0.247279 0.968944 1.243500 0.000000 0.000000 0.000000 1.000000
0.999965 0.008252 -0.001021 -0.000000 -0.008251 0.969553 -0.244744 10.763900 -0.001030 0.244744 0.969587 1.243500 0.000000 0.000000 0.000000 1.000000
0.999951 0.009785 -0.001189 -0.000000 -0.009782 0.970211 -0.242063 10.763900 -0.001215 0.242063 0.970260 1.243500 0.000000 0.000000 0.000000 1.000000
0.999937 0.011119 -0.001250 -0.000000 -0.011095 0.970878 -0.239317 10.763900 -0.001447 0.239316 0.970941 1.243500 0.000000 0.000000 0.000000 1.000000
0.999925 0.012212 -0.001208 0.000000 -0.012151 0.971542 -0.236555 10.763900 -0.001715 0.236552 0.971617 1.243500 0.000000 0.000000 0.000000 1.000000
0.999914 0.013067 -0.001080 0.000000 -0.012957 0.972196 -0.233809 10.763900 -0.002005 0.233803 0.972282 1.243500 0.000000 0.000000 0.000000 1.000000
0.999905 0.013760 -0.000870 0.000000 -0.013589 0.972825 -0.231142 10.763900 -0.002334 0.231132 0.972920 1.243500 0.000000 0.000000 0.000000 1.000000
0.999896 0.014397 -0.000580 -0.000000 -0.014148 0.973403 -0.228663 10.763900 -0.002728 0.228647 0.973505 1.243500 0.000000 0.000000 0.000000 1.000000
0.999887 0.015033 -0.000246 0.000000 -0.014698 0.973909 -0.226464 10.763900 -0.003165 0.226442 0.974019 1.243500 0.000000 0.000000 0.000000 1.000000
0.999877 0.015664 0.000080 -0.000000 -0.015246 0.974346 -0.224539 10.763900 -0.003595 0.224511 0.974465 1.243500 0.000000 0.000000 0.000000 1.000000
0.999868 0.016253 0.000393 0.000000 -0.015757 0.974732 -0.222821 10.763900 -0.004005 0.222785 0.974859 1.243500 0.000000 0.000000 0.000000 1.000000
0.999859 0.016762 0.000765 -0.000000 -0.016178 0.975076 -0.221283 10.763900 -0.004455 0.221239 0.975209 1.243500 0.000000 0.000000 0.000000 1.000000
0.999852 0.017183 0.001279 -0.000000 -0.016481 0.975369 -0.219961 10.763900 -0.005027 0.219907 0.975508 1.243500 0.000000 0.000000 0.000000 1.000000
0.999845 0.017510 0.001945 0.000000 -0.016660 0.975605 -0.218900 10.763900 -0.005730 0.218834 0.975745 1.243500 0.000000 0.000000 0.000000 1.000000
0.999839 0.017718 0.002692 0.000000 -0.016705 0.975784 -0.218098 10.763900 -0.006491 0.218018 0.975923 1.243500 0.000000 0.000000 0.000000 1.000000
0.999836 0.017798 0.003453 -0.000000 -0.016621 0.975912 -0.217530 10.763900 -0.007242 0.217437 0.976048 1.243500 0.000000 0.000000 0.000000 1.000000
0.999833 0.017780 0.004225 -0.000000 -0.016439 0.976002 -0.217141 10.763900 -0.007984 0.217036 0.976131 1.243500 0.000000 0.000000 0.000000 1.000000
0.999830 0.017716 0.005024 0.000000 -0.016205 0.976073 -0.216839 10.763900 -0.008746 0.216720 0.976195 1.243500 0.000000 0.000000 0.000000 1.000000
0.999827 0.017641 0.005827 0.000000 -0.015961 0.976136 -0.216575 10.763900 -0.009509 0.216444 0.976249 1.243500 0.000000 0.000000 0.000000 1.000000
0.999824 0.017536 0.006593 -0.000000 -0.015695 0.976188 -0.216359 10.763900 -0.010230 0.216218 0.976292 1.243500 0.000000 0.000000 0.000000 1.000000
0.999823 0.017347 0.007324 -0.000000 -0.015353 0.976224 -0.216219 10.763900 -0.010900 0.216068 0.976317 1.243500 0.000000 0.000000 0.000000 1.000000
0.999823 0.017011 0.008054 0.000000 -0.014868 0.976247 -0.216152 10.763900 -0.011540 0.215994 0.976327 1.243500 0.000000 0.000000 0.000000 1.000000
0.999825 0.016504 0.008819 0.000000 -0.014209 0.976263 -0.216122 10.763900 -0.012176 0.215958 0.976327 1.243500 0.000000 0.000000 0.000000 1.000000
0.999828 0.015881 0.009623 0.000000 -0.013427 0.976279 -0.216098 10.763900 -0.012826 0.215931 0.976324 1.243500 0.000000 0.000000 0.000000 1.000000
0.999829 0.015265 0.010459 -0.000000 -0.012646 0.976296 -0.216071 10.763900 -0.013509 0.215902 0.976322 1.243500 0.000000 0.000000 0.000000 1.000000
0.999827 0.014755 0.011324 0.000000 -0.011961 0.976310 -0.216047 10.763900 -0.014244 0.215874 0.976317 1.243500 0.000000 0.000000 0.000000 1.000000
0.999822 0.014349 0.012215 0.000000 -0.011373 0.976320 -0.216032 10.763900 -0.015026 0.215855 0.976310 1.243500 0.000000 0.000000 0.000000 1.000000
0.999816 0.014000 0.013090 -0.000000 -0.010843 0.976327 -0.216026 10.763900 -0.015804 0.215844 0.976300 1.243500 0.000000 0.000000 0.000000 1.000000
0.999810 0.013706 0.013864 0.000000 -0.010388 0.976332 -0.216028 10.763900 -0.016497 0.215843 0.976289 1.243500 0.000000 0.000000 0.000000 1.000000
0.999804 0.013528 0.014478 0.000000 -0.010082 0.976332 -0.216044 10.763900 -0.017058 0.215855 0.976276 1.243500 0.000000 0.000000 0.000000 1.000000
