<?xml version="1.0" encoding="utf-8"?>
<COLLADA xmlns="http://www.collada.org/2005/11/COLLADASchema" version="1.4.1">
  <asset>
    <contributor>
      <author>Mixamo</author>
      <authoring_tool>COLLADA Mixamo exporter</authoring_tool>
      <comments/>
    </contributor>
    <created>2023-09-07T14:42:31Z</created>
    <modified>2023-09-07T14:42:31Z</modified>
    <revision/>
    <title/>
    <unit meter="0.010000"/>
    <up_axis>Y_UP</up_axis>
  </asset>
  <library_animations>
    <animation id="mixamorig_Hips-anim" name="mixamorig_Hips">
      <source id="mixamorig_Hips-Matrix-animation-input">
        <float_array id="mixamorig_Hips-Matrix-animation-input-array" count="122">

0.000000 0.033333 0.066667 0.100000 0.133333 0.166667 0.200000 0.233333 0.266667 0.300000 0.333333 0.366667 0.400000 0.433333 0.466667 0.500000
0.533333 0.566667 0.600000 0.633333 0.666667 0.700000 0.733333 0.766667 0.800000 0.833333 0.866667 0.900000 0.933333 0.966667 1.000000 1.033333
1.066667 1.100000 1.133333 1.166667 1.200000 1.233333 1.266667 1.300000 1.333333 1.366667 1.400000 1.433333 1.466667 1.500000 1.533333 1.566667
1.600000 1.633333 1.666667 1.700000 1.733333 1.766667 1.800000 1.833333 1.866667 1.900000 1.933333 1.966667 2.000000 2.033333 2.066667 2.100000
2.133333 2.166667 2.200000 2.233333 2.266667 2.300000 2.333333 2.366667 2.400000 2.433333 2.466667 2.500000 2.533333 2.566667 2.600000 2.633333
2.666667 2.700000 2.733333 2.766667 2.800000 2.833333 2.866667 2.900000 2.933333 2.966667 3.000000 3.033333 3.066667 3.100000 3.133333 3.166667
3.200000 3.233333 3.266667 3.300000 3.333333 3.366667 3.400000 3.433333 3.466667 3.500000 3.533333 3.566667 3.600000 3.633333 3.666667 3.700000
3.733333 3.766667 3.800000 3.833333 3.866667 3.900000 3.933333 3.966667 4.000000 4.033333</float_array>
        <technique_common>
          <accessor source="#mixamorig_Hips-Matrix-animation-input-array" count="122">
            <param name="TIME" type="float"/>
          </accessor>
        </technique_common>
      </source>
      <source id="mixamorig_Hips-Matrix-animation-output-transform">
        <float_array id="mixamorig_Hips-Matrix-animation-output-transform-array" count="1952">

0.999820 0.018948 0.000042 -0.000025 -0.018948 0.999811 0.004403 80.532974 0.000042 -0.004403 0.999990 0.000014 0.000000 0.000000 0.000000 1.000000
0.999821 0.018945 0.000042 -0.003494 -0.018945 0.999811 0.004405 80.527443 0.000042 -0.004405 0.999990 0.020845 0.000000 0.000000 0.000000 1.000000
0.999821 0.018943 0.000042 -0.006952 -0.018943 0.999811 0.004407 80.521896 0.000042 -0.004407 0.999990 0.041701 0.000000 0.000000 0.000000 1.000000
0.999821 0.018940 0.000039 -0.009018 -0.018940 0.999811 0.004409 80.521713 0.000045 -0.004408 0.999990 0.072937 0.000000 0.000000 0.000000 1.000000
0.999821 0.018937 -0.000340 -0.006893 -0.018935 0.999810 0.004600 80.536842 0.000427 -0.004593 0.999989 0.130996 0.000000 0.000000 0.000000 1.000000
0.999820 0.018932 -0.000755 -0.002002 -0.018928 0.999809 0.004964 80.560127 0.000849 -0.004949 0.999987 0.195645 0.000000 0.000000 0.000000 1.000000
0.999824 0.018748 -0.001162 0.004864 -0.018742 0.999810 0.005397 80.588120 0.001263 -0.005375 0.999985 0.265045 0.000000 0.000000 0.000000 1.000000
0.999827 0.018536 -0.001567 0.011303 -0.018526 0.999811 0.005881 80.616432 0.001676 -0.005851 0.999981 0.339542 0.000000 0.000000 0.000000 1.000000
0.999829 0.018367 -0.001992 0.015772 -0.018354 0.999811 0.006399 80.642166 0.002109 -0.006361 0.999978 0.417740 0.000000 0.000000 0.000000 1.000000
0.999830 0.018271 -0.002459 0.017782 -0.018254 0.999809 0.006934 80.662079 0.002586 -0.006888 0.999973 0.498115 0.000000 0.000000 0.000000 1.000000
0.999830 0.018216 -0.002909 0.018363 -0.018194 0.999807 0.007465 80.675461 0.003044 -0.007411 0.999968 0.579329 0.000000 0.000000 0.000000 1.000000
0.999832 0.018067 -0.003122 0.017727 -0.018041 0.999805 0.008012 80.686089 0.003266 -0.007954 0.999963 0.659860 0.000000 0.000000 0.000000 1.000000
0.999840 0.017685 -0.002814 0.016861 -0.017661 0.999809 0.008407 80.697685 0.002962 -0.008356 0.999961 0.739780 0.000000 0.000000 0.000000 1.000000
0.999852 0.017096 -0.001936 0.017311 -0.017079 0.999817 0.008613 80.714264 0.002083 -0.008578 0.999961 0.820256 0.000000 0.000000 0.000000 1.000000
0.999863 0.016530 -0.000843 0.020693 -0.016522 0.999827 0.008573 80.738632 0.000985 -0.008558 0.999963 0.905039 0.000000 0.000000 0.000000 1.000000
0.999869 0.016211 0.000055 0.027952 -0.016211 0.999834 0.008266 80.772339 0.000079 -0.008266 0.999966 0.995295 0.000000 0.000000 0.000000 1.000000
0.999870 0.016116 0.000669 0.039198 -0.016121 0.999840 0.007761 80.815002 -0.000543 -0.007771 0.999970 1.088226 0.000000 0.000000 0.000000 1.000000
0.999870 0.016092 0.001142 0.053363 -0.016100 0.999845 0.007172 80.865433 -0.001027 -0.007190 0.999974 1.180349 0.000000 0.000000 0.000000 1.000000
0.999869 0.016094 0.001639 0.069506 -0.016104 0.999849 0.006595 80.918228 -0.001533 -0.006620 0.999977 1.270209 0.000000 0.000000 0.000000 1.000000
0.999868 0.016102 0.002162 0.086636 -0.016115 0.999852 0.006099 80.968941 -0.002064 -0.006133 0.999979 1.356895 0.000000 0.000000 0.000000 1.000000
0.999867 0.016097 0.002541 0.104109 -0.016111 0.999854 0.005723 81.015137 -0.002448 -0.005763 0.999980 1.440036 0.000000 0.000000 0.000000 1.000000
0.999868 0.016059 0.002634 0.121807 -0.016074 0.999856 0.005477 81.055542 -0.002545 -0.005519 0.999982 1.519931 0.000000 0.000000 0.000000 1.000000
0.999870 0.015947 0.002465 0.140313 -0.015960 0.999858 0.005389 81.089661 -0.002379 -0.005427 0.999982 1.597278 0.000000 0.000000 0.000000 1.000000
0.999875 0.015676 0.002082 0.160535 -0.015687 0.999862 0.005448 81.118195 -0.001996 -0.005480 0.999983 1.672360 0.000000 0.000000 0.000000 1.000000
0.999881 0.015383 0.001503 0.182558 -0.015391 0.999866 0.005647 81.142609 -0.001416 -0.005669 0.999983 1.744358 0.000000 0.000000 0.000000 1.000000
0.999883 0.015270 0.000881 0.205172 -0.015274 0.999866 0.005805 81.164520 -0.000793 -0.005817 0.999983 1.811712 0.000000 0.000000 0.000000 1.000000
0.999882 0.015327 0.000524 0.227143 -0.015330 0.999865 0.005852 81.185669 -0.000434 -0.005859 0.999983 1.873453 0.000000 0.000000 0.000000 1.000000
0.999880 0.015488 0.000591 0.247934 -0.015491 0.999863 0.005846 81.207565 -0.000500 -0.005854 0.999983 1.929645 0.000000 0.000000 0.000000 1.000000
0.999877 0.015666 0.000912 0.267739 -0.015671 0.999860 0.005798 81.230957 -0.000821 -0.005811 0.999983 1.980341 0.000000 0.000000 0.000000 1.000000
0.999873 0.015868 0.001256 0.287516 -0.015875 0.999858 0.005721 81.255394 -0.001165 -0.005740 0.999983 2.025579 0.000000 0.000000 0.000000 1.000000
0.999869 0.016118 0.001614 0.307951 -0.016126 0.999855 0.005550 81.279305 -0.001524 -0.005575 0.999983 2.063982 0.000000 0.000000 0.000000 1.000000
0.999864 0.016384 0.002069 0.328332 -0.016395 0.999852 0.005267 81.300621 -0.001982 -0.005300 0.999984 2.093734 0.000000 0.000000 0.000000 1.000000
0.999861 0.016456 0.002596 0.347802 -0.016469 0.999852 0.004973 81.318176 -0.002513 -0.005015 0.999984 2.114649 0.000000 0.000000 0.000000 1.000000
0.999860 0.016418 0.003120 0.367043 -0.016433 0.999854 0.004744 81.333382 -0.003042 -0.004795 0.999984 2.128563 0.000000 0.000000 0.000000 1.000000
0.999859 0.016388 0.003592 0.386980 -0.016405 0.999855 0.004562 81.349228 -0.003517 -0.004621 0.999983 2.137987 0.000000 0.000000 0.000000 1.000000
0.999859 0.016353 0.003936 0.407320 -0.016370 0.999856 0.004388 81.367645 -0.003864 -0.004452 0.999983 2.145457 0.000000 0.000000 0.000000 1.000000
0.999859 0.016311 0.004055 0.426794 -0.016328 0.999858 0.004218 81.388504 -0.003985 -0.004284 0.999983 2.153028 0.000000 0.000000 0.000000 1.000000
0.999860 0.016285 0.003939 0.444534 -0.016301 0.999859 0.004063 81.410721 -0.003872 -0.004127 0.999984 2.161484 0.000000 0.000000 0.000000 1.000000
0.999861 0.016299 0.003610 0.459901 -0.016313 0.999859 0.003928 81.433777 -0.003546 -0.003987 0.999986 2.170425 0.000000 0.000000 0.000000 1.000000
0.999860 0.016403 0.003161 0.471516 -0.016415 0.999858 0.003809 81.457443 -0.003098 -0.003860 0.999988 2.179176 0.000000 0.000000 0.000000 1.000000
0.999857 0.016684 0.002658 0.478120 -0.016693 0.999854 0.003704 81.480530 -0.002596 -0.003748 0.999990 2.187629 0.000000 0.000000 0.000000 1.000000
0.999852 0.017080 0.002184 0.479410 -0.017088 0.999847 0.003655 81.501030 -0.002121 -0.003692 0.999991 2.196359 0.000000 0.000000 0.000000 1.000000
0.999845 0.017509 0.001847 0.476228 -0.017515 0.999840 0.003643 81.518394 -0.001783 -0.003675 0.999992 2.204719 0.000000 0.000000 0.000000 1.000000
0.999838 0.017901 0.001679 0.469671 -0.017907 0.999833 0.003642 81.533516 -0.001614 -0.003671 0.999992 2.211241 0.000000 0.000000 0.000000 1.000000
0.999832 0.018243 0.001622 0.460580 -0.018248 0.999827 0.003634 81.547508 -0.001555 -0.003663 0.999992 2.215011 0.000000 0.000000 0.000000 1.000000
0.999826 0.018563 0.001624 0.449774 -0.018569 0.999821 0.003600 81.560379 -0.001557 -0.003630 0.999992 2.215928 0.000000 0.000000 0.000000 1.000000
0.999820 0.018876 0.001757 0.438143 -0.018882 0.999816 0.003506 81.571968 -0.001691 -0.003539 0.999992 2.213896 0.000000 0.000000 0.000000 1.000000
0.999814 0.019153 0.002052 0.426208 -0.019160 0.999811 0.003332 81.581902 -0.001988 -0.003371 0.999992 2.208724 0.000000 0.000000 0.000000 1.000000
0.999809 0.019371 0.002465 0.414377 -0.019378 0.999807 0.003133 81.589569 -0.002404 -0.003180 0.999992 2.199382 0.000000 0.000000 0.000000 1.000000
0.999805 0.019516 0.002915 0.403357 -0.019525 0.999805 0.002973 81.593895 -0.002856 -0.003029 0.999991 2.184560 0.000000 0.000000 0.000000 1.000000
0.999803 0.019588 0.003346 0.394116 -0.019598 0.999804 0.002900 81.594185 -0.003289 -0.002965 0.999990 2.164158 0.000000 0.000000 0.000000 1.000000
0.999800 0.019627 0.003746 0.387034 -0.019638 0.999803 0.002854 81.590691 -0.003690 -0.002927 0.999989 2.139389 0.000000 0.000000 0.000000 1.000000
0.999799 0.019642 0.004089 0.381593 -0.019654 0.999803 0.002833 81.585228 -0.004032 -0.002913 0.999988 2.111431 0.000000 0.000000 0.000000 1.000000
0.999798 0.019618 0.004331 0.376960 -0.019631 0.999803 0.002837 81.580116 -0.004275 -0.002921 0.999987 2.082516 0.000000 0.000000 0.000000 1.000000
0.999800 0.019501 0.004498 0.372646 -0.019514 0.999805 0.002862 81.577614 -0.004442 -0.002949 0.999986 2.055203 0.000000 0.000000 0.000000 1.000000
0.999801 0.019385 0.004667 0.368593 -0.019399 0.999808 0.002905 81.577835 -0.004610 -0.002995 0.999985 2.029181 0.000000 0.000000 0.000000 1.000000
0.999800 0.019418 0.004878 0.364235 -0.019433 0.999807 0.002961 81.578323 -0.004820 -0.003056 0.999984 1.999756 0.000000 0.000000 0.000000 1.000000
0.999793 0.019702 0.005148 0.358323 -0.019718 0.999801 0.003088 81.575356 -0.005086 -0.003189 0.999982 1.961654 0.000000 0.000000 0.000000 1.000000
0.999782 0.020146 0.005480 0.350313 -0.020164 0.999791 0.003290 81.566299 -0.005412 -0.003400 0.999980 1.912887 0.000000 0.000000 0.000000 1.000000
0.999770 0.020621 0.005857 0.340635 -0.020642 0.999781 0.003478 81.550064 -0.005784 -0.003598 0.999977 1.854908 0.000000 0.000000 0.000000 1.000000
0.999759 0.021069 0.006246 0.330069 -0.021092 0.999771 0.003642 81.525848 -0.006168 -0.003773 0.999974 1.790756 0.000000 0.000000 0.000000 1.000000
0.999748 0.021438 0.006630 0.319575 -0.021464 0.999762 0.003885 81.493767 -0.006545 -0.004026 0.999970 1.723101 0.000000 0.000000 0.000000 1.000000
0.999741 0.021620 0.007079 0.310263 -0.021651 0.999756 0.004294 81.455360 -0.006984 -0.004446 0.999966 1.653400 0.000000 0.000000 0.000000 1.000000
0.999736 0.021651 0.007693 0.302610 -0.021689 0.999753 0.004828 81.413193 -0.007587 -0.004994 0.999959 1.582964 0.000000 0.000000 0.000000 1.000000
0.999730 0.021651 0.008422 0.296631 -0.021696 0.999750 0.005366 81.369270 -0.008304 -0.005548 0.999950 1.514002 0.000000 0.000000 0.000000 1.000000
0.999724 0.021636 0.009106 0.292797 -0.021690 0.999748 0.005862 81.323929 -0.008977 -0.006058 0.999941 1.448168 0.000000 0.000000 0.000000 1.000000
0.999720 0.021620 0.009660 0.291715 -0.021682 0.999745 0.006372 81.276581 -0.009520 -0.006580 0.999933 1.384538 0.000000 0.000000 0.000000 1.000000
0.999716 0.021615 0.010061 0.293602 -0.021686 0.999741 0.006961 81.227417 -0.009908 -0.007177 0.999925 1.320484 0.000000 0.000000 0.000000 1.000000
0.999713 0.021635 0.010242 0.298344 -0.021714 0.999735 0.007635 81.178375 -0.010074 -0.007855 0.999918 1.254886 0.000000 0.000000 0.000000 1.000000
0.999714 0.021696 0.010069 0.305161 -0.021780 0.999728 0.008314 81.132095 -0.009886 -0.008531 0.999915 1.189544 0.000000 0.000000 0.000000 1.000000
0.999716 0.021882 0.009453 0.312535 -0.021966 0.999719 0.008862 81.089859 -0.009256 -0.009067 0.999916 1.126749 0.000000 0.000000 0.000000 1.000000
0.999716 0.022272 0.008528 0.318631 -0.022351 0.999708 0.009217 81.050690 -0.008320 -0.009405 0.999921 1.066037 0.000000 0.000000 0.000000 1.000000
0.999712 0.022775 0.007585 0.322241 -0.022846 0.999694 0.009455 81.013641 -0.007367 -0.009626 0.999927 1.004620 0.000000 0.000000 0.000000 1.000000
0.999707 0.023242 0.006768 0.323600 -0.023307 0.999681 0.009695 80.979317 -0.006540 -0.009849 0.999930 0.940872 0.000000 0.000000 0.000000 1.000000
0.999703 0.023605 0.006001 0.324566 -0.023664 0.999670 0.010000 80.949013 -0.005763 -0.010139 0.999932 0.876039 0.000000 0.000000 0.000000 1.000000
0.999701 0.023909 0.005196 0.326808 -0.023962 0.999659 0.010391 80.922539 -0.004946 -0.010512 0.999933 0.812400 0.000000 0.000000 0.000000 1.000000
0.999697 0.024240 0.004358 0.330455 -0.024286 0.999646 0.010837 80.898964 -0.004093 -0.010939 0.999932 0.750611 0.000000 0.000000 0.000000 1.000000
0.999691 0.024588 0.003535 0.335171 -0.024626 0.999633 0.011250 80.878014 -0.003257 -0.011334 0.999930 0.689210 0.000000 0.000000 0.000000 1.000000
0.999688 0.024820 0.002771 0.341381 -0.024850 0.999624 0.011557 80.859772 -0.002483 -0.011622 0.999929 0.626652 0.000000 0.000000 0.000000 1.000000
0.999689 0.024854 0.002093 0.349544 -0.024877 0.999621 0.011764 80.843781 -0.001800 -0.011813 0.999929 0.563167 0.000000 0.000000 0.000000 1.000000
0.999691 0.024805 0.001549 0.358812 -0.024822 0.999621 0.011914 80.828667 -0.001253 -0.011949 0.999928 0.500130 0.000000 0.000000 0.000000 1.000000
0.999695 0.024656 0.001211 0.367148 -0.024669 0.999623 0.012027 80.813293 -0.000914 -0.012053 0.999927 0.438375 0.000000 0.000000 0.000000 1.000000
0.999701 0.024424 0.001077 0.372510 -0.024436 0.999628 0.012110 80.797165 -0.000781 -0.012133 0.999926 0.378218 0.000000 0.000000 0.000000 1.000000
0.999707 0.024193 0.001024 0.373846 -0.024204 0.999633 0.012170 80.780655 -0.000729 -0.012191 0.999925 0.320312 0.000000 0.000000 0.000000 1.000000
0.999710 0.024050 0.000973 0.370909 -0.024060 0.999636 0.012222 80.764885 -0.000679 -0.012242 0.999925 0.265089 0.000000 0.000000 0.000000 1.000000
0.999712 0.023992 0.000904 0.363958 -0.024001 0.999637 0.012220 80.751282 -0.000611 -0.012239 0.999925 0.212167 0.000000 0.000000 0.000000 1.000000
0.999713 0.023951 0.000751 0.353619 -0.023959 0.999640 0.012060 80.740959 -0.000462 -0.012075 0.999927 0.160427 0.000000 0.000000 0.000000 1.000000
0.999716 0.023831 0.000457 0.340699 -0.023835 0.999647 0.011697 80.734367 -0.000178 -0.011705 0.999931 0.109882 0.000000 0.000000 0.000000 1.000000
0.999721 0.023599 0.000055 0.325297 -0.023598 0.999658 0.011230 80.731270 0.000210 -0.011228 0.999937 0.061616 0.000000 0.000000 0.000000 1.000000
0.999729 0.023294 -0.000342 0.306915 -0.023289 0.999671 0.010751 80.730133 0.000593 -0.010740 0.999942 0.016389 0.000000 0.000000 0.000000 1.000000
0.999735 0.023007 -0.000599 0.285630 -0.022999 0.999683 0.010258 80.728333 0.000835 -0.010241 0.999947 -0.025974 0.000000 0.000000 0.000000 1.000000
0.999740 0.022801 -0.000670 0.262408 -0.022794 0.999693 0.009741 80.723320 0.000892 -0.009724 0.999952 -0.065194 0.000000 0.000000 0.000000 1.000000
0.999744 0.022605 -0.000676 0.238836 -0.022598 0.999701 0.009297 80.714096 0.000886 -0.009279 0.999957 -0.100125 0.000000 0.000000 0.000000 1.000000
0.999752 0.022264 -0.000631 0.216245 -0.022258 0.999711 0.009070 80.701729 0.000833 -0.009054 0.999959 -0.130002 0.000000 0.000000 0.000000 1.000000
0.999764 0.021734 -0.000542 0.195425 -0.021728 0.999722 0.009100 80.687012 0.000739 -0.009086 0.999958 -0.154702 0.000000 0.000000 0.000000 1.000000
0.999777 0.021126 -0.000342 0.176676 -0.021122 0.999734 0.009289 80.670227 0.000538 -0.009280 0.999957 -0.173956 0.000000 0.000000 0.000000 1.000000
0.999788 0.020571 -0.000065 0.160632 -0.020569 0.999743 0.009500 80.651550 0.000260 -0.009496 0.999955 -0.187525 0.000000 0.000000 0.000000 1.000000
0.999798 0.020102 0.000237 0.147613 -0.020103 0.999751 0.009688 80.632065 -0.000043 -0.009690 0.999953 -0.195560 0.000000 0.000000 0.000000 1.000000
0.999806 0.019695 0.000469 0.136929 -0.019698 0.999757 0.009880 80.613281 -0.000274 -0.009887 0.999951 -0.198490 0.000000 0.000000 0.000000 1.000000
0.999813 0.019345 0.000593 0.127271 -0.019350 0.999762 0.010072 80.596695 -0.000398 -0.010081 0.999949 -0.197289 0.000000 0.000000 0.000000 1.000000
0.999818 0.019075 0.000669 0.117454 -0.019081 0.999766 0.010169 80.583740 -0.000475 -0.010180 0.999948 -0.193474 0.000000 0.000000 0.000000 1.000000
0.999822 0.018878 0.000753 0.107370 -0.018884 0.999770 0.010168 80.574913 -0.000561 -0.010180 0.999948 -0.188243 0.000000 0.000000 0.000000 1.000000
0.999823 0.018778 0.000835 0.097270 -0.018786 0.999772 0.010114 80.570267 -0.000644 -0.010127 0.999949 -0.182277 0.000000 0.000000 0.000000 1.000000
0.999824 0.018760 0.000866 0.087204 -0.018768 0.999774 0.009984 80.569481 -0.000678 -0.009999 0.999950 -0.176448 0.000000 0.000000 0.000000 1.000000
0.999823 0.018797 0.000872 0.077177 -0.018805 0.999775 0.009789 80.571274 -0.000688 -0.009804 0.999952 -0.171441 0.000000 0.000000 0.000000 1.000000
0.999820 0.018929 0.000867 0.067494 -0.018937 0.999775 0.009567 80.573868 -0.000685 -0.009581 0.999954 -0.167872 0.000000 0.000000 0.000000 1.000000
0.999817 0.019123 0.000864 0.058869 -0.019130 0.999774 0.009325 80.576111 -0.000685 -0.009340 0.999956 -0.165827 0.000000 0.000000 0.000000 1.000000
0.999813 0.019309 0.000876 0.051831 -0.019316 0.999772 0.009077 80.577698 -0.000701 -0.009092 0.999958 -0.164358 0.000000 0.000000 0.000000 1.000000
0.999810 0.019472 0.000917 0.046475 -0.019479 0.999771 0.008828 80.578964 -0.000745 -0.008845 0.999961 -0.162244 0.000000 0.000000 0.000000 1.000000
0.999808 0.019573 0.001028 0.042763 -0.019581 0.999771 0.008576 80.580109 -0.000860 -0.008595 0.999963 -0.159302 0.000000 0.000000 0.000000 1.000000
0.999807 0.019615 0.001218 0.040939 -0.019624 0.999773 0.008311 80.581146 -0.001055 -0.008333 0.999965 -0.156039 0.000000 0.000000 0.000000 1.000000
0.999806 0.019633 0.001456 0.041485 -0.019644 0.999775 0.008022 80.581627 -0.001299 -0.008049 0.999967 -0.152731 0.000000 0.000000 0.000000 1.000000
0.999806 0.019630 0.001704 0.044618 -0.019643 0.999777 0.007690 80.581551 -0.001552 -0.007722 0.999969 -0.149076 0.000000 0.000000 0.000000 1.000000
0.999806 0.019608 0.001921 0.050255 -0.019622 0.999781 0.007302 80.581352 -0.001778 -0.007339 0.999971 -0.144585 0.000000 0.000000 0.000000 1.000000
0.999806 0.019569 0.002090 0.058127 -0.019583 0.999784 0.006889 80.581413 -0.001954 -0.006929 0.999974 -0.139045 0.000000 0.000000 0.000000 1.000000
0.999807 0.019516 0.002078 0.067914 -0.019529 0.999788 0.006470 80.581520 -0.001951 -0.006509 0.999977 -0.132081 0.000000 0.000000 0.000000 1.000000
0.999810 0.019419 0.001862 0.071108 -0.019429 0.999793 0.006053 80.579506 -0.001744 -0.006088 0.999980 -0.118884 0.000000 0.000000 0.000000 1.000000
0.999813 0.019296 0.001561 0.063224 -0.019305 0.999798 0.005644 80.574005 -0.001451 -0.005673 0.999983 -0.096921 0.000000 0.000000 0.000000 1.000000
0.999815 0.019179 0.001201 0.048252 -0.019185 0.999802 0.005248 80.565742 -0.001100 -0.005270 0.999986 -0.070045 0.000000 0.000000 0.000000 1.000000
0.999818 0.019064 0.000810 0.030101 -0.019067 0.999806 0.004873 80.555634 -0.000717 -0.004888 0.999988 -0.042080 0.000000 0.000000 0.000000 1.000000
0.999820 0.018947 0.000415 0.012701 -0.018949 0.999810 0.004579 80.544411 -0.000328 -0.004586 0.999989 -0.017255 0.000000 0.000000 0.000000 1.000000
0.999820 0.018948 0.000042 -0.000023 -0.018948 0.999811 0.004403 80.532974 0.000042 -0.004403 0.999990 0.000015 0.000000 0.000000 0.000000 1.000000</float_array>
        <technique_common>
          <accessor source="#mixamorig_Hips-Matrix-animation-output-transform-array" count="122" stride="16">
            <param type="float4x4"/>
          </accessor>
        </technique_common>
      </source>
      <source id="mixamorig_Hips-Interpolations">
        <Name_array id="mixamorig_Hips-Interpolations-array" count="122">
 LINEAR LINEAR LINEAR LINEAR LINEAR LINEAR LINEAR LINEAR LINEAR LINEAR LINEAR
LINEAR LINEAR LINEAR LINEAR LINEAR LINEAR LINEAR LINEAR LINEAR LINEAR LINEAR LINEAR
LINEAR LINEAR LINEAR LINEAR LINEAR LINEAR LINEAR LINEAR LINEAR LINEAR LINEAR LINEAR
LINEAR LINEAR LINEAR LINEAR LINEAR LINEAR LINEAR LINEAR LINEAR LINEAR LINEAR LINEAR
LINEAR LINEAR LINEAR LINEAR LINEAR LINEAR LINEAR LINEAR LINEAR LINEAR LINEAR LINEAR
LINEAR LINEAR LINEAR LINEAR LINEAR LINEAR LINEAR LINEAR LINEAR LINEAR LINEAR LINEAR
LINEAR LINEAR LINEAR LINEAR LINEAR LINEAR LINEAR LINEAR LINEAR LINEAR LINEAR LINEAR
LINEAR LINEAR LINEAR LINEAR LINEAR LINEAR LINEAR LINEAR LINEAR LINEAR LINEAR LINEAR
LINEAR LINEAR LINEAR LINEAR LINEAR LINEAR LINEAR LINEAR LINEAR LINEAR LINEAR LINEAR
LINEAR LINEAR LINEAR LINEAR LINEAR LINEAR LINEAR LINEAR LINEAR LINEAR LINEAR LINEAR
LINEAR LINEAR LINEAR</Name_array>
        <technique_common>
          <accessor source="#mixamorig_Hips-Interpolations-array" count="122">
            <param type="name"/>
          </accessor>
        </technique_common>
      </source>
      <sampler id="mixamorig_Hips-Matrix-animation-transform">
        <input semantic="INPUT" source="#mixamorig_Hips-Matrix-animation-input"/>
        <input semantic="OUTPUT" source="#mixamorig_Hips-Matrix-animation-output-transform"/>
        <input semantic="INTERPOLATION" source="#mixamorig_Hips-Interpolations"/>
      </sampler>
      <channel source="#mixamorig_Hips-Matrix-animation-transform" target="mixamorig_Hips/matrix"/>
    </animation>
    <animation id="mixamorig_Spine-anim" name="mixamorig_Spine">
      <source id="mixamorig_Spine-Matrix-animation-input">
        <float_array id="mixamorig_Spine-Matrix-animation-input-array" count="122">

0.000000 0.033333 0.066667 0.100000 0.133333 0.166667 0.200000 0.233333 0.266667 0.300000 0.333333 0.366667 0.400000 0.433333 0.466667 0.500000
0.533333 0.566667 0.600000 0.633333 0.666667 0.700000 0.733333 0.766667 0.800000 0.833333 0.866667 0.900000 0.933333 0.966667 1.000000 1.033333
1.066667 1.100000 1.133333 1.166667 1.200000 1.233333 1.266667 1.300000 1.333333 1.366667 1.400000 1.433333 1.466667 1.500000 1.533333 1.566667
1.600000 1.633333 1.666667 1.700000 1.733333 1.766667 1.800000 1.833333 1.866667 1.900000 1.933333 1.966667 2.000000 2.033333 2.066667 2.100000
2.133333 2.166667 2.200000 2.233333 2.266667 2.300000 2.333333 2.366667 2.400000 2.433333 2.466667 2.500000 2.533333 2.566667 2.600000 2.633333
2.666667 2.700000 2.733333 2.766667 2.800000 2.833333 2.866667 2.900000 2.933333 2.966667 3.000000 3.033333 3.066667 3.100000 3.133333 3.166667
3.200000 3.233333 3.266667 3.300000 3.333333 3.366667 3.400000 3.433333 3.466667 3.500000 3.533333 3.566667 3.600000 3.633333 3.666667 3.700000
3.733333 3.766667 3.800000 3.833333 3.866667 3.900000 3.933333 3.966667 4.000000 4.033333</float_array>
        <technique_common>
          <accessor source="#mixamorig_Spine-Matrix-animation-input-array" count="122">
            <param name="TIME" type="float"/>
          </accessor>
        </technique_common>
      </source>
      <source id="mixamorig_Spine-Matrix-animation-output-transform">
        <float_array id="mixamorig_Spine-Matrix-animation-output-transform-array" count="1952">

0.999957 -0.007955 0.004753 0.000000 0.009019 0.953231 -0.302107 10.763900 -0.002127 0.302137 0.953262 1.243500 0.000000 0.000000 0.000000 1.000000
0.999957 -0.007948 0.004757 0.000000 0.009014 0.953230 -0.302110 10.763900 -0.002133 0.302140 0.953261 1.243500 0.000000 0.000000 0.000000 1.000000
0.999957 -0.007942 0.004761 0.000000 0.009009 0.953230 -0.302113 10.763900 -0.002139 0.302142 0.953260 1.243500 0.000000 0.000000 0.000000 1.000000
0.999957 -0.007935 0.004765 -0.000000 0.009004 0.953229 -0.302116 10.763900 -0.002145 0.302146 0.953259 1.243500 0.000000 0.000000 0.000000 1.000000
0.999957 -0.007928 0.004770 0.000000 0.008999 0.953228 -0.302119 10.763900 -0.002151 0.302149 0.953258 1.243500 0.000000 0.000000 0.000000 1.000000
0.999957 -0.007921 0.004774 -0.000000 0.008993 0.953290 -0.301922 10.763900 -0.002159 0.301952 0.953321 1.243500 0.000000 0.000000 0.000000 1.000000
0.999957 -0.007915 0.004778 0.000000 0.008987 0.953361 -0.301700 10.763900 -0.002167 0.301730 0.953391 1.243500 0.000000 0.000000 0.000000 1.000000
0.999957 -0.007908 0.004782 -0.000000 0.008982 0.953429 -0.301482 10.763900 -0.002175 0.301512 0.953460 1.243500 0.000000 0.000000 0.000000 1.000000
0.999957 -0.007914 0.004790 -0.000000 0.008990 0.953497 -0.301268 10.763900 -0.002183 0.301298 0.953528 1.243500 0.000000 0.000000 0.000000 1.000000
0.999957 -0.007925 0.004799 0.000000 0.009002 0.953566 -0.301051 10.763900 -0.002191 0.301081 0.953596 1.243500 0.000000 0.000000 0.000000 1.000000
0.999957 -0.007936 0.004809 -0.000000 0.009016 0.953634 -0.300833 10.763900 -0.002199 0.300863 0.953665 1.243500 0.000000 0.000000 0.000000 1.000000
0.999957 -0.007950 0.004820 0.000000 0.009032 0.953711 -0.300589 10.763900 -0.002207 0.300619 0.953742 1.243500 0.000000 0.000000 0.000000 1.000000
0.999957 -0.007967 0.004831 0.000000 0.009050 0.953809 -0.300277 10.763900 -0.002215 0.300307 0.953840 1.243500 0.000000 0.000000 0.000000 1.000000
0.999957 -0.008038 0.004682 0.000000 0.009072 0.953930 -0.299891 10.763900 -0.002055 0.299920 0.953962 1.243500 0.000000 0.000000 0.000000 1.000000
0.999957 -0.008122 0.004507 0.000000 0.009099 0.954079 -0.299418 10.763900 -0.001869 0.299446 0.954111 1.243500 0.000000 0.000000 0.000000 1.000000
0.999957 -0.008191 0.004419 -0.000000 0.009137 0.954258 -0.298846 10.763900 -0.001769 0.298873 0.954291 1.243500 0.000000 0.000000 0.000000 1.000000
0.999956 -0.008271 0.004375 0.000000 0.009199 0.954466 -0.298177 10.763900 -0.001710 0.298204 0.954501 1.243500 0.000000 0.000000 0.000000 1.000000
0.999955 -0.008380 0.004339 0.000000 0.009291 0.954701 -0.297421 10.763900 -0.001650 0.297448 0.954736 1.243500 0.000000 0.000000 0.000000 1.000000
0.999954 -0.008573 0.004319 0.000000 0.009468 0.954946 -0.296627 10.763900 -0.001582 0.296654 0.954984 1.243500 0.000000 0.000000 0.000000 1.000000
0.999952 -0.008773 0.004314 0.000000 0.009656 0.955191 -0.295831 10.763900 -0.001526 0.295859 0.955230 1.243500 0.000000 0.000000 0.000000 1.000000
0.999951 -0.008953 0.004316 -0.000000 0.009828 0.955432 -0.295048 10.763900 -0.001482 0.295076 0.955473 1.243500 0.000000 0.000000 0.000000 1.000000
0.999950 -0.009052 0.004296 0.000000 0.009915 0.955668 -0.294278 10.763900 -0.001441 0.294306 0.955710 1.243500 0.000000 0.000000 0.000000 1.000000
0.999949 -0.009112 0.004278 0.000000 0.009966 0.955899 -0.293526 10.763900 -0.001415 0.293554 0.955941 1.243500 0.000000 0.000000 0.000000 1.000000
0.999949 -0.009161 0.004271 0.000000 0.010010 0.956118 -0.292809 10.763900 -0.001401 0.292837 0.956161 1.243500 0.000000 0.000000 0.000000 1.000000
0.999949 -0.009208 0.004266 0.000000 0.010053 0.956322 -0.292143 10.763900 -0.001390 0.292171 0.956365 1.243500 0.000000 0.000000 0.000000 1.000000
0.999948 -0.009251 0.004263 0.000000 0.010092 0.956516 -0.291504 10.763900 -0.001381 0.291532 0.956560 1.243500 0.000000 0.000000 0.000000 1.000000
0.999948 -0.009292 0.004262 0.000000 0.010130 0.956710 -0.290866 10.763900 -0.001375 0.290894 0.956754 1.243500 0.000000 0.000000 0.000000 1.000000
0.999947 -0.009330 0.004262 -0.000000 0.010166 0.956900 -0.290240 10.763900 -0.001371 0.290269 0.956944 1.243500 0.000000 0.000000 0.000000 1.000000
0.999947 -0.009367 0.004265 -0.000000 0.010201 0.957073 -0.289667 10.763900 -0.001368 0.289695 0.957118 1.243500 0.000000 0.000000 0.000000 1.000000
0.999947 -0.009403 0.004269 0.000000 0.010236 0.957227 -0.289156 10.763900 -0.001367 0.289184 0.957273 1.243500 0.000000 0.000000 0.000000 1.000000
0.999946 -0.009433 0.004273 0.000000 0.010265 0.957373 -0.288673 10.763900 -0.001368 0.288702 0.957418 1.243500 0.000000 0.000000 0.000000 1.000000
0.999946 -0.009452 0.004276 0.000000 0.010284 0.957513 -0.288205 10.763900 -0.001370 0.288234 0.957559 1.243500 0.000000 0.000000 0.000000 1.000000
0.999946 -0.009468 0.004279 0.000000 0.010299 0.957643 -0.287775 10.763900 -0.001374 0.287804 0.957688 1.243500 0.000000 0.000000 0.000000 1.000000
0.999946 -0.009480 0.004284 0.000000 0.010311 0.957751 -0.287414 10.763900 -0.001378 0.287442 0.957797 1.243500 0.000000 0.000000 0.000000 1.000000
0.999946 -0.009489 0.004289 -0.000000 0.010321 0.957842 -0.287110 10.763900 -0.001384 0.287139 0.957888 1.243500 0.000000 0.000000 0.000000 1.000000
0.999946 -0.009496 0.004295 -0.000000 0.010329 0.957929 -0.286819 10.763900 -0.001390 0.286848 0.957975 1.243500 0.000000 0.000000 0.000000 1.000000
0.999946 -0.009500 0.004301 0.000000 0.010334 0.958020 -0.286515 10.763900 -0.001398 0.286544 0.958066 1.243500 0.000000 0.000000 0.000000 1.000000
0.999946 -0.009502 0.004307 -0.000000 0.010337 0.958112 -0.286208 10.763900 -0.001407 0.286237 0.958158 1.243500 0.000000 0.000000 0.000000 1.000000
0.999946 -0.009502 0.004314 -0.000000 0.010339 0.958202 -0.285905 10.763900 -0.001417 0.285934 0.958248 1.243500 0.000000 0.000000 0.000000 1.000000
0.999946 -0.009500 0.004321 0.000000 0.010338 0.958292 -0.285603 10.763900 -0.001427 0.285632 0.958338 1.243500 0.000000 0.000000 0.000000 1.000000
0.999946 -0.009496 0.004328 0.000000 0.010336 0.958385 -0.285292 10.763900 -0.001439 0.285321 0.958431 1.243500 0.000000 0.000000 0.000000 1.000000
0.999946 -0.009490 0.004335 0.000000 0.010332 0.958479 -0.284977 10.763900 -0.001450 0.285006 0.958525 1.243500 0.000000 0.000000 0.000000 1.000000
0.999946 -0.009482 0.004342 -0.000000 0.010326 0.958568 -0.284677 10.763900 -0.001463 0.284706 0.958614 1.243500 0.000000 0.000000 0.000000 1.000000
0.999946 -0.009471 0.004348 -0.000000 0.010316 0.958647 -0.284410 10.763900 -0.001475 0.284439 0.958693 1.243500 0.000000 0.000000 0.000000 1.000000
0.999946 -0.009442 0.004349 0.000000 0.010288 0.958718 -0.284173 10.763900 -0.001487 0.284202 0.958763 1.243500 0.000000 0.000000 0.000000 1.000000
0.999946 -0.009406 0.004349 0.000000 0.010254 0.958779 -0.283968 10.763900 -0.001499 0.283997 0.958824 1.243500 0.000000 0.000000 0.000000 1.000000
0.999947 -0.009367 0.004347 -0.000000 0.010216 0.958831 -0.283794 10.763900 -0.001510 0.283823 0.958875 1.243500 0.000000 0.000000 0.000000 1.000000
0.999947 -0.009326 0.004345 0.000000 0.010176 0.958873 -0.283652 10.763900 -0.001521 0.283681 0.958918 1.243500 0.000000 0.000000 0.000000 1.000000
0.999947 -0.009287 0.004344 0.000000 0.010138 0.958893 -0.283586 10.763900 -0.001531 0.283616 0.958937 1.243500 0.000000 0.000000 0.000000 1.000000
0.999948 -0.009250 0.004342 0.000000 0.010102 0.958902 -0.283559 10.763900 -0.001541 0.283588 0.958945 1.243500 0.000000 0.000000 0.000000 1.000000
0.999948 -0.009215 0.004340 0.000000 0.010067 0.958903 -0.283554 10.763900 -0.001549 0.283583 0.958946 1.243500 0.000000 0.000000 0.000000 1.000000
0.999948 -0.009179 0.004340 0.000000 0.010033 0.958900 -0.283565 10.763900 -0.001559 0.283594 0.958943 1.243500 0.000000 0.000000 0.000000 1.000000
0.999949 -0.009143 0.004345 0.000000 0.010000 0.958895 -0.283585 10.763900 -0.001574 0.283614 0.958937 1.243500 0.000000 0.000000 0.000000 1.000000
0.999949 -0.009105 0.004350 -0.000000 0.009965 0.958889 -0.283605 10.763900 -0.001589 0.283634 0.958931 1.243500 0.000000 0.000000 0.000000 1.000000
0.999949 -0.009069 0.004356 0.000000 0.009933 0.958879 -0.283641 10.763900 -0.001605 0.283670 0.958921 1.243500 0.000000 0.000000 0.000000 1.000000
0.999950 -0.009044 0.004366 0.000000 0.009911 0.958865 -0.283689 10.763900 -0.001621 0.283718 0.958906 1.243500 0.000000 0.000000 0.000000 1.000000
0.999950 -0.009021 0.004376 0.000000 0.009892 0.958847 -0.283752 10.763900 -0.001636 0.283781 0.958888 1.243500 0.000000 0.000000 0.000000 1.000000
0.999950 -0.009000 0.004388 0.000000 0.009876 0.958814 -0.283862 10.763900 -0.001652 0.283891 0.958855 1.243500 0.000000 0.000000 0.000000 1.000000
0.999950 -0.008981 0.004401 0.000000 0.009862 0.958757 -0.284056 10.763900 -0.001668 0.284085 0.958798 1.243500 0.000000 0.000000 0.000000 1.000000
0.999950 -0.008964 0.004415 0.000000 0.009849 0.958682 -0.284309 10.763900 -0.001684 0.284338 0.958723 1.243500 0.000000 0.000000 0.000000 1.000000
0.999950 -0.008948 0.004430 0.000000 0.009839 0.958595 -0.284602 10.763900 -0.001700 0.284631 0.958636 1.243500 0.000000 0.000000 0.000000 1.000000
0.999950 -0.008933 0.004446 -0.000000 0.009830 0.958498 -0.284931 10.763900 -0.001716 0.284961 0.958538 1.243500 0.000000 0.000000 0.000000 1.000000
0.999950 -0.008920 0.004463 0.000000 0.009822 0.958384 -0.285315 10.763900 -0.001733 0.285344 0.958424 1.243500 0.000000 0.000000 0.000000 1.000000
0.999950 -0.008907 0.004482 0.000000 0.009816 0.958260 -0.285731 10.763900 -0.001750 0.285761 0.958299 1.243500 0.000000 0.000000 0.000000 1.000000
0.999950 -0.008894 0.004502 -0.000000 0.009811 0.958133 -0.286154 10.763900 -0.001769 0.286184 0.958173 1.243500 0.000000 0.000000 0.000000 1.000000
0.999950 -0.008882 0.004523 -0.000000 0.009806 0.958008 -0.286575 10.763900 -0.001788 0.286605 0.958047 1.243500 0.000000 0.000000 0.000000 1.000000
0.999950 -0.008870 0.004547 0.000000 0.009802 0.957874 -0.287022 10.763900 -0.001810 0.287052 0.957913 1.243500 0.000000 0.000000 0.000000 1.000000
0.999950 -0.008857 0.004573 -0.000000 0.009798 0.957725 -0.287518 10.763900 -0.001833 0.287548 0.957764 1.243500 0.000000 0.000000 0.000000 1.000000
0.999950 -0.008844 0.004601 0.000000 0.009794 0.957564 -0.288054 10.763900 -0.001858 0.288084 0.957603 1.243500 0.000000 0.000000 0.000000 1.000000
0.999950 -0.008830 0.004629 -0.000000 0.009790 0.957400 -0.288599 10.763900 -0.001883 0.288630 0.957439 1.243500 0.000000 0.000000 0.000000 1.000000
0.999950 -0.008816 0.004657 0.000000 0.009786 0.957241 -0.289125 10.763900 -0.001909 0.289156 0.957280 1.243500 0.000000 0.000000 0.000000 1.000000
0.999950 -0.008803 0.004679 0.000000 0.009781 0.957090 -0.289626 10.763900 -0.001929 0.289657 0.957128 1.243500 0.000000 0.000000 0.000000 1.000000
0.999950 -0.008795 0.004684 0.000000 0.009775 0.956939 -0.290123 10.763900 -0.001930 0.290154 0.956978 1.243500 0.000000 0.000000 0.000000 1.000000
0.999950 -0.008786 0.004688 0.000000 0.009769 0.956787 -0.290626 10.763900 -0.001932 0.290658 0.956825 1.243500 0.000000 0.000000 0.000000 1.000000
0.999950 -0.008775 0.004692 0.000000 0.009761 0.956633 -0.291132 10.763900 -0.001934 0.291163 0.956672 1.243500 0.000000 0.000000 0.000000 1.000000
0.999951 -0.008764 0.004696 -0.000000 0.009752 0.956483 -0.291625 10.763900 -0.001936 0.291657 0.956521 1.243500 0.000000 0.000000 0.000000 1.000000
0.999951 -0.008750 0.004699 0.000000 0.009742 0.956336 -0.292107 10.763900 -0.001938 0.292139 0.956374 1.243500 0.000000 0.000000 0.000000 1.000000
0.999951 -0.008736 0.004702 0.000000 0.009729 0.956190 -0.292585 10.763900 -0.001940 0.292616 0.956228 1.243500 0.000000 0.000000 0.000000 1.000000
0.999951 -0.008719 0.004704 0.000000 0.009715 0.956048 -0.293048 10.763900 -0.001942 0.293079 0.956086 1.243500 0.000000 0.000000 0.000000 1.000000
0.999951 -0.008700 0.004706 0.000000 0.009698 0.955911 -0.293497 10.763900 -0.001945 0.293528 0.955948 1.243500 0.000000 0.000000 0.000000 1.000000
0.999951 -0.008674 0.004705 -0.000000 0.009674 0.955775 -0.293940 10.763900 -0.001947 0.293971 0.955812 1.243500 0.000000 0.000000 0.000000 1.000000
0.999952 -0.008644 0.004703 0.000000 0.009646 0.955636 -0.294391 10.763900 -0.001949 0.294422 0.955674 1.243500 0.000000 0.000000 0.000000 1.000000
0.999952 -0.008615 0.004701 -0.000000 0.009618 0.955494 -0.294855 10.763900 -0.001951 0.294886 0.955530 1.243500 0.000000 0.000000 0.000000 1.000000
0.999952 -0.008585 0.004699 -0.000000 0.009589 0.955347 -0.295329 10.763900 -0.001954 0.295360 0.955384 1.243500 0.000000 0.000000 0.000000 1.000000
0.999952 -0.008555 0.004697 0.000000 0.009561 0.955203 -0.295797 10.763900 -0.001956 0.295828 0.955239 1.243500 0.000000 0.000000 0.000000 1.000000
0.999953 -0.008525 0.004695 -0.000000 0.009533 0.955064 -0.296248 10.763900 -0.001958 0.296278 0.955100 1.243500 0.000000 0.000000 0.000000 1.000000
0.999953 -0.008496 0.004693 0.000000 0.009505 0.954936 -0.296659 10.763900 -0.001961 0.296690 0.954972 1.243500 0.000000 0.000000 0.000000 1.000000
0.999953 -0.008469 0.004691 0.000000 0.009480 0.954821 -0.297029 10.763900 -0.001964 0.297060 0.954857 1.243500 0.000000 0.000000 0.000000 1.000000
0.999953 -0.008445 0.004691 -0.000000 0.009458 0.954714 -0.297374 10.763900 -0.001967 0.297404 0.954750 1.243500 0.000000 0.000000 0.000000 1.000000
0.999954 -0.008422 0.004690 0.000000 0.009437 0.954612 -0.297703 10.763900 -0.001970 0.297733 0.954647 1.243500 0.000000 0.000000 0.000000 1.000000
0.999954 -0.008400 0.004690 0.000000 0.009417 0.954518 -0.298006 10.763900 -0.001974 0.298037 0.954552 1.243500 0.000000 0.000000 0.000000 1.000000
0.999954 -0.008379 0.004691 0.000000 0.009397 0.954434 -0.298273 10.763900 -0.001978 0.298303 0.954469 1.243500 0.000000 0.000000 0.000000 1.000000
0.999954 -0.008358 0.004691 -0.000000 0.009377 0.954358 -0.298517 10.763900 -0.001982 0.298547 0.954393 1.243500 0.000000 0.000000 0.000000 1.000000
0.999954 -0.008336 0.004691 -0.000000 0.009357 0.954280 -0.298768 10.763900 -0.001986 0.298798 0.954314 1.243500 0.000000 0.000000 0.000000 1.000000
0.999954 -0.008315 0.004691 0.000000 0.009337 0.954197 -0.299033 10.763900 -0.001989 0.299064 0.954231 1.243500 0.000000 0.000000 0.000000 1.000000
0.999955 -0.008292 0.004690 -0.000000 0.009316 0.954116 -0.299293 10.763900 -0.001993 0.299323 0.954150 1.243500 0.000000 0.000000 0.000000 1.000000
0.999955 -0.008268 0.004689 0.000000 0.009293 0.954044 -0.299523 10.763900 -0.001998 0.299553 0.954078 1.243500 0.000000 0.000000 0.000000 1.000000
0.999955 -0.008239 0.004687 -0.000000 0.009265 0.953983 -0.299718 10.763900 -0.002002 0.299748 0.954016 1.243500 0.000000 0.000000 0.000000 1.000000
0.999955 -0.008208 0.004684 0.000000 0.009235 0.953937 -0.299865 10.763900 -0.002007 0.299895 0.953970 1.243500 0.000000 0.000000 0.000000 1.000000
0.999956 -0.008176 0.004680 0.000000 0.009204 0.953891 -0.300013 10.763900 -0.002012 0.300043 0.953924 1.243500 0.000000 0.000000 0.000000 1.000000
0.999956 -0.008144 0.004677 0.000000 0.009172 0.953845 -0.300160 10.763900 -0.002016 0.300190 0.953877 1.243500 0.000000 0.000000 0.000000 1.000000
0.999956 -0.008112 0.004673 0.000000 0.009141 0.953799 -0.300305 10.763900 -0.002021 0.300335 0.953832 1.243500 0.000000 0.000000 0.000000 1.000000
0.999956 -0.008082 0.004670 -0.000000 0.009112 0.953754 -0.300450 10.763900 -0.002026 0.300479 0.953786 1.243500 0.000000 0.000000 0.000000 1.000000
0.999956 -0.008075 0.004675 -0.000000 0.009107 0.953710 -0.300591 10.763900 -0.002031 0.300621 0.953742 1.243500 0.000000 0.000000 0.000000 1.000000
0.999957 -0.008068 0.004679 0.000000 0.009102 0.953666 -0.300731 10.763900 -0.002036 0.300761 0.953698 1.243500 0.000000 0.000000 0.000000 1.000000
0.999957 -0.008062 0.004684 -0.000000 0.009098 0.953622 -0.300870 10.763900 -0.002041 0.300899 0.953654 1.243500 0.000000 0.000000 0.000000 1.000000
0.999957 -0.008055 0.004688 -0.000000 0.009093 0.953579 -0.301006 10.763900 -0.002046 0.301036 0.953611 1.243500 0.000000 0.000000 0.000000 1.000000
0.999957 -0.008048 0.004692 -0.000000 0.009088 0.953537 -0.301138 10.763900 -0.002051 0.301168 0.953569 1.243500 0.000000 0.000000 0.000000 1.000000
