<?xml version="1.0" encoding="utf-8"?>
<COLLADA xmlns="http://www.collada.org/2005/11/COLLADASchema" version="1.4.1">
  <asset>
    <contributor>
      <author>Mixamo</author>
      <authoring_tool>COLLADA Mixamo exporter</authoring_tool>
      <comments/>
    </contributor>
    <created>2023-09-07T14:42:39Z</created>
    <modified>2023-09-07T14:42:39Z</modified>
    <revision/>
    <title/>
    <unit meter="0.010000"/>
    <up_axis>Y_UP</up_axis>
  </asset>
  <library_animations>
    <animation id="mixamorig_Hips-anim" name="mixamorig_Hips">
      <source id="mixamorig_Hips-Matrix-animation-input">
        <float_array id="mixamorig_Hips-Matrix-animation-input-array" count="81">

0.000000 0.033333 0.066667 0.100000 0.133333 0.166667 0.200000 0.233333 0.266667 0.300000 0.333333 0.366667 0.400000 0.433333 0.466667 0.500000
0.533333 0.566667 0.600000 0.633333 0.666667 0.700000 0.733333 0.766667 0.800000 0.833333 0.866667 0.900000 0.933333 0.966667 1.000000 1.033333
1.066667 1.100000 1.133333 1.166667 1.200000 1.233333 1.266667 1.300000 1.333333 1.366667 1.400000 1.433333 1.466667 1.500000 1.533333 1.566667
1.600000 1.633333 1.666667 1.700000 1.733333 1.766667 1.800000 1.833333 1.866667 1.900000 1.933333 1.966667 2.000000 2.033333 2.066667 2.100000
2.133333 2.166667 2.200000 2.233333 2.266667 2.300000 2.333333 2.366667 2.400000 2.433333 2.466667 2.500000 2.533333 2.566667 2.600000 2.633333
2.666667</float_array>
        <technique_common>
          <accessor source="#mixamorig_Hips-Matrix-animation-input-array" count="81">
            <param name="TIME" type="float"/>
          </accessor>
        </technique_common>
      </source>
      <source id="mixamorig_Hips-Matrix-animation-output-transform">
        <float_array id="mixamorig_Hips-Matrix-animation-output-transform-array" count="1296">

0.999820 0.018948 0.000042 -0.000024 -0.018948 0.999811 0.004403 80.532974 0.000042 -0.004403 0.999990 0.000017 0.000000 0.000000 0.000000 1.000000
0.999831 0.016993 0.006980 -0.097184 -0.017000 0.999855 0.000900 80.587570 -0.006964 -0.001018 0.999975 -0.008717 0.000000 0.000000 0.000000 1.000000
0.999794 0.015910 0.012586 -0.337319 -0.015880 0.999871 -0.002503 80.744530 -0.012624 0.002302 0.999918 -0.075344 0.000000 0.000000 0.000000 1.000000
0.999734 0.015773 0.016840 -0.705704 -0.015682 0.999862 -0.005505 80.976791 -0.016925 0.005240 0.999843 -0.200915 0.000000 0.000000 0.000000 1.000000
0.999717 0.015655 0.017937 -1.194223 -0.015491 0.999838 -0.009194 81.251389 -0.018078 0.008914 0.999797 -0.377684 0.000000 0.000000 0.000000 1.000000
0.999697 0.014947 0.019554 -1.793219 -0.014677 0.999796 -0.013886 81.539291 -0.019758 0.013595 0.999712 -0.602954 0.000000 0.000000 0.000000 1.000000
0.999104 0.015481 0.039382 -2.827339 -0.014721 0.999701 -0.019533 81.931549 -0.039672 0.018936 0.999033 -1.078353 0.000000 0.000000 0.000000 1.000000
0.997356 0.017340 0.070577 -4.311892 -0.015685 0.999590 -0.023939 82.431084 -0.070964 0.022769 0.997219 -1.944026 0.000000 0.000000 0.000000 1.000000
0.994438 0.018850 0.103622 -6.221087 -0.015971 0.999465 -0.028538 83.038628 -0.104105 0.026724 0.994207 -3.146703 0.000000 0.000000 0.000000 1.000000
0.990058 0.020596 0.139146 -8.323174 -0.016123 0.999319 -0.033191 83.498421 -0.139735 0.030618 0.989716 -4.668930 0.000000 0.000000 0.000000 1.000000
0.983836 0.023199 0.177560 -10.274966 -0.016741 0.999146 -0.037785 83.520531 -0.178285 0.034201 0.983384 -6.483586 0.000000 0.000000 0.000000 1.000000
0.975325 0.027009 0.219117 -11.823213 -0.018210 0.998948 -0.042078 83.160217 -0.220023 0.037050 0.974791 -8.325267 0.000000 0.000000 0.000000 1.000000
0.963977 0.031709 0.264088 -12.965468 -0.020149 0.998721 -0.046366 82.730240 -0.265221 0.039375 0.963383 -9.856157 0.000000 0.000000 0.000000 1.000000
0.948893 0.038346 0.313259 -13.048958 -0.023820 0.998462 -0.050067 81.948730 -0.314697 0.040047 0.948347 -10.725063 0.000000 0.000000 0.000000 1.000000
0.928850 0.046268 0.367556 -12.297479 -0.029139 0.998221 -0.052019 80.771027 -0.369309 0.037608 0.928545 -11.212563 0.000000 0.000000 0.000000 1.000000
0.902611 0.055147 0.426910 -11.673194 -0.036517 0.997994 -0.051710 79.770378 -0.428906 0.031085 0.902814 -11.744753 0.000000 0.000000 0.000000 1.000000
0.868673 0.064400 0.491182 -11.424460 -0.045425 0.997692 -0.050473 78.994484 -0.493299 0.021533 0.869593 -12.347124 0.000000 0.000000 0.000000 1.000000
0.825254 0.075788 0.559654 -11.591758 -0.057894 0.997087 -0.049657 77.816521 -0.561787 0.008579 0.827237 -13.391564 0.000000 0.000000 0.000000 1.000000
0.758299 0.092686 0.645284 -12.052353 -0.080484 0.995579 -0.048420 76.083817 -0.646919 -0.015218 0.762407 -14.860106 0.000000 0.000000 0.000000 1.000000
0.687307 0.117234 0.716844 -12.660270 -0.107200 0.992454 -0.059526 74.163116 -0.718413 -0.035933 0.694688 -16.341125 0.000000 0.000000 0.000000 1.000000
0.652723 0.156314 0.741295 -13.332727 -0.134746 0.986835 -0.089444 72.447784 -0.745517 -0.041504 0.665193 -17.667673 0.000000 0.000000 0.000000 1.000000
0.645056 0.212186 0.734084 -13.897741 -0.165711 0.976656 -0.136687 70.980209 -0.745951 -0.033475 0.665159 -19.126308 0.000000 0.000000 0.000000 1.000000
0.644663 0.249868 0.722479 -14.320230 -0.185128 0.967972 -0.169583 70.046341 -0.741712 -0.024427 0.670273 -20.611891 0.000000 0.000000 0.000000 1.000000
0.646812 0.262631 0.716002 -14.674665 -0.193404 0.964631 -0.179114 69.566292 -0.737719 -0.022625 0.674729 -22.002279 0.000000 0.000000 0.000000 1.000000
0.652880 0.266766 0.708932 -15.039375 -0.199025 0.963461 -0.179254 69.253342 -0.730847 -0.024064 0.682117 -23.257170 0.000000 0.000000 0.000000 1.000000
0.663495 0.270415 0.697604 -15.334710 -0.202810 0.962494 -0.180202 69.118103 -0.720169 -0.021918 0.693453 -24.128492 0.000000 0.000000 0.000000 1.000000
0.677534 0.276267 0.681634 -15.495863 -0.203027 0.961015 -0.187695 69.229340 -0.706915 -0.011220 0.707210 -24.369366 0.000000 0.000000 0.000000 1.000000
0.694436 0.280023 0.662832 -15.503014 -0.197494 0.959967 -0.198642 69.764511 -0.691921 0.007039 0.721939 -24.108463 0.000000 0.000000 0.000000 1.000000
0.715302 0.276734 0.641687 -15.374131 -0.185034 0.960478 -0.207955 70.566513 -0.673874 0.030017 0.738236 -23.537500 0.000000 0.000000 0.000000 1.000000
0.741548 0.263742 0.616885 -15.354011 -0.165812 0.963011 -0.212405 71.260605 -0.650087 0.055221 0.757850 -21.534481 0.000000 0.000000 0.000000 1.000000
0.773313 0.240859 0.586492 -15.430622 -0.141459 0.967259 -0.210713 71.991066 -0.618042 0.079982 0.782066 -17.548307 0.000000 0.000000 0.000000 1.000000
0.808569 0.205788 0.551242 -15.589080 -0.113369 0.973779 -0.197236 72.985481 -0.577376 0.096985 0.810698 -12.226102 0.000000 0.000000 0.000000 1.000000
0.856801 0.149517 0.493494 -15.997633 -0.074753 0.982945 -0.168023 74.494774 -0.510199 0.107072 0.853365 -5.344197 0.000000 0.000000 0.000000 1.000000
0.912215 0.089063 0.399914 -16.560577 -0.038157 0.990312 -0.133512 76.894653 -0.407931 0.106533 0.906776 2.129122 0.000000 0.000000 0.000000 1.000000
0.956558 0.035270 0.289401 -16.958220 -0.009387 0.995866 -0.090343 79.938538 -0.291392 0.083702 0.952935 8.383221 0.000000 0.000000 0.000000 1.000000
0.987068 -0.026487 0.158096 -17.299072 0.034240 0.998330 -0.046522 82.977654 -0.156600 0.051333 0.986327 14.801814 0.000000 0.000000 0.000000 1.000000
0.938107 -0.131864 -0.320262 -16.042818 0.105068 0.989461 -0.099638 85.108543 0.330026 0.059821 0.942075 29.345875 0.000000 0.000000 0.000000 1.000000
0.617136 -0.234895 -0.750978 -13.471323 0.130695 0.971745 -0.196546 84.907196 0.775927 0.023146 0.630398 41.992054 0.000000 0.000000 0.000000 1.000000
0.382787 -0.196111 -0.902781 -11.163351 0.060108 0.980425 -0.187492 81.145645 0.921879 0.017506 0.387082 51.892124 0.000000 0.000000 0.000000 1.000000
0.227258 -0.206350 -0.951721 -7.967584 -0.054603 0.973055 -0.224014 75.954697 0.972303 0.102876 0.209867 60.036392 0.000000 0.000000 0.000000 1.000000
0.102225 -0.256310 -0.961174 -5.543345 -0.117304 0.956388 -0.267510 70.642944 0.987821 0.140095 0.067700 63.056557 0.000000 0.000000 0.000000 1.000000
0.065665 -0.289517 -0.954918 -3.223148 -0.147343 0.943679 -0.296242 66.419762 0.986903 0.160154 0.019308 65.467636 0.000000 0.000000 0.000000 1.000000
0.052677 -0.312956 -0.948306 -0.916121 -0.167068 0.933478 -0.317343 64.142113 0.984537 0.175148 -0.003112 66.824677 0.000000 0.000000 0.000000 1.000000
0.058123 -0.326681 -0.943346 1.346407 -0.173995 0.927166 -0.331798 62.756676 0.983030 0.183423 -0.002951 67.119400 0.000000 0.000000 0.000000 1.000000
0.067976 -0.336570 -0.939202 3.365354 -0.177654 0.922251 -0.343353 61.952118 0.981743 0.190193 0.002898 66.901115 0.000000 0.000000 0.000000 1.000000
0.082437 -0.334963 -0.938618 4.594302 -0.175676 0.922192 -0.344530 61.666451 0.980990 0.193294 0.017178 66.011848 0.000000 0.000000 0.000000 1.000000
0.098792 -0.333454 -0.937576 5.716720 -0.174213 0.921838 -0.346214 61.834061 0.979740 0.197541 0.032978 64.834724 0.000000 0.000000 0.000000 1.000000
0.117002 -0.323960 -0.938808 6.651117 -0.166997 0.925423 -0.340154 62.402695 0.978990 0.196577 0.054176 63.387665 0.000000 0.000000 0.000000 1.000000
0.136171 -0.307161 -0.941865 7.001320 -0.153410 0.932715 -0.326356 63.309788 0.978735 0.188932 0.079887 61.546593 0.000000 0.000000 0.000000 1.000000
0.157755 -0.287348 -0.944746 7.069742 -0.136902 0.941122 -0.309106 64.483704 0.977942 0.178101 0.109128 59.344017 0.000000 0.000000 0.000000 1.000000
0.185847 -0.267681 -0.945414 7.043253 -0.121966 0.948451 -0.292516 65.853577 0.974980 0.169672 0.143619 56.897614 0.000000 0.000000 0.000000 1.000000
0.221077 -0.250563 -0.942520 6.896006 -0.111016 0.953685 -0.279571 67.345345 0.968917 0.166441 0.183021 54.311790 0.000000 0.000000 0.000000 1.000000
0.296734 -0.237850 -0.924865 6.629745 -0.103247 0.954818 -0.278679 68.897064 0.949362 0.178183 0.258770 51.631275 0.000000 0.000000 0.000000 1.000000
0.403924 -0.226324 -0.886354 6.051781 -0.095415 0.953204 -0.286876 70.486786 0.909803 0.200448 0.363427 48.103596 0.000000 0.000000 0.000000 1.000000
0.519174 -0.212668 -0.827787 5.106339 -0.085885 0.950662 -0.298102 72.158867 0.850342 0.225861 0.475294 42.984444 0.000000 0.000000 0.000000 1.000000
0.622384 -0.195187 -0.757984 4.247977 -0.072379 0.949906 -0.304039 73.715889 0.779358 0.244092 0.577079 38.285931 0.000000 0.000000 0.000000 1.000000
0.706942 -0.175657 -0.685112 3.497610 -0.054863 0.952130 -0.300730 75.156631 0.705141 0.250186 0.663463 34.501015 0.000000 0.000000 0.000000 1.000000
0.779451 -0.155517 -0.606853 2.786010 -0.036792 0.955661 -0.292161 76.556297 0.625382 0.250053 0.739169 31.081234 0.000000 0.000000 0.000000 1.000000
0.839860 -0.136096 -0.525465 2.083333 -0.019013 0.960088 -0.279052 77.955200 0.542471 0.244355 0.803751 27.920311 0.000000 0.000000 0.000000 1.000000
0.888130 -0.117934 -0.444203 1.505022 -0.003066 0.964975 -0.262326 79.260818 0.459581 0.234341 0.856662 24.964935 0.000000 0.000000 0.000000 1.000000
0.924942 -0.100330 -0.366628 1.111345 0.008838 0.969952 -0.243135 80.383202 0.380005 0.221645 0.898036 22.121471 0.000000 0.000000 0.000000 1.000000
0.951683 -0.083412 -0.295538 0.935873 0.016155 0.974669 -0.223066 81.299347 0.306658 0.207514 0.928923 19.278112 0.000000 0.000000 0.000000 1.000000
0.965693 -0.065043 -0.251410 1.085117 0.013405 0.979320 -0.201874 81.852180 0.259342 0.191578 0.946594 16.753019 0.000000 0.000000 0.000000 1.000000
0.975724 -0.051217 -0.212930 1.510050 0.010991 0.982496 -0.185960 82.056656 0.218727 0.179106 0.959208 14.332565 0.000000 0.000000 0.000000 1.000000
0.981716 -0.040959 -0.185893 2.094354 0.008685 0.985197 -0.171208 82.165909 0.190154 0.166463 0.967539 12.026839 0.000000 0.000000 0.000000 1.000000
0.986460 -0.031672 -0.160914 2.737086 0.006251 0.987723 -0.156091 82.089928 0.163882 0.152971 0.974547 9.798965 0.000000 0.000000 0.000000 1.000000
0.990161 -0.023349 -0.137968 3.317395 0.003732 0.990035 -0.140770 81.981224 0.139880 0.138870 0.980382 7.878347 0.000000 0.000000 0.000000 1.000000
0.993001 -0.015966 -0.117018 3.725584 0.001174 0.992105 -0.125404 81.596802 0.118096 0.124389 0.985181 6.194143 0.000000 0.000000 0.000000 1.000000
0.995139 -0.009485 -0.098019 3.858633 -0.001377 0.993913 -0.110156 81.018448 0.098467 0.109756 0.989069 4.588921 0.000000 0.000000 0.000000 1.000000
0.996713 -0.003858 -0.080921 3.854292 -0.003875 0.995452 -0.095186 80.448364 0.080920 0.095187 0.992165 2.816823 0.000000 0.000000 0.000000 1.000000
0.997841 0.000972 -0.065668 3.780145 -0.006279 0.996722 -0.080658 80.006355 0.065374 0.080896 0.994576 1.200659 0.000000 0.000000 0.000000 1.000000
0.998624 0.005064 -0.052197 3.632884 -0.008548 0.997734 -0.066732 79.764183 0.051741 0.067086 0.996405 0.224689 0.000000 0.000000 0.000000 1.000000
0.999146 0.008485 -0.040447 3.391309 -0.010648 0.998507 -0.053572 79.491486 0.039932 0.053957 0.997744 -0.341712 0.000000 0.000000 0.000000 1.000000
0.999475 0.011300 -0.030349 3.092137 -0.012551 0.999066 -0.041342 79.285484 0.029854 0.041701 0.998684 -0.774557 0.000000 0.000000 0.000000 1.000000
0.999669 0.013573 -0.021836 2.747870 -0.014230 0.999442 -0.030205 79.175568 0.021414 0.030506 0.999305 -1.081847 0.000000 0.000000 0.000000 1.000000
0.999772 0.015369 -0.014835 2.365031 -0.015669 0.999671 -0.020326 79.140144 0.014518 0.020554 0.999683 -1.243093 0.000000 0.000000 0.000000 1.000000
0.999817 0.016743 -0.009276 1.952296 -0.016853 0.999788 -0.011870 79.233200 0.009075 0.012024 0.999887 -1.240589 0.000000 0.000000 0.000000 1.000000
0.999830 0.017748 -0.005084 1.521257 -0.017774 0.999830 -0.005002 79.461418 0.004994 0.005091 0.999975 -1.098277 0.000000 0.000000 0.000000 1.000000
0.999828 0.018429 -0.002184 1.080449 -0.018429 0.999830 0.000111 79.783272 0.002186 -0.000071 0.999998 -0.846119 0.000000 0.000000 0.000000 1.000000
0.999823 0.018821 -0.000502 0.546985 -0.018819 0.999817 0.003302 80.150650 0.000564 -0.003292 0.999994 -0.475191 0.000000 0.000000 0.000000 1.000000
0.999820 0.018948 0.000042 -0.000024 -0.018948 0.999811 0.004403 80.532974 0.000042 -0.004403 0.999990 0.000017 0.000000 0.000000 0.000000 1.000000</float_array>
        <technique_common>
          <accessor source="#mixamorig_Hips-Matrix-animation-output-transform-array" count="81" stride="16">
            <param type="float4x4"/>
          </accessor>
        </technique_common>
      </source>
      <source id="mixamorig_Hips-Interpolations">
        <Name_array id="mixamorig_Hips-Interpolations-array" count="81">
 LINEAR LINEAR LINEAR LINEAR LINEAR LINEAR LINEAR LINEAR LINEAR LINEAR LINEAR
LINEAR LINEAR LINEAR LINEAR LINEAR LINEAR LINEAR LINEAR LINEAR LINEAR LINEAR LINEAR
LINEAR LINEAR LINEAR LINEAR LINEAR LINEAR LINEAR LINEAR LINEAR LINEAR LINEAR LINEAR
LINEAR LINEAR LINEAR LINEAR LINEAR LINEAR LINEAR LINEAR LINEAR LINEAR LINEAR LINEAR
LINEAR LINEAR LINEAR LINEAR LINEAR LINEAR LINEAR LINEAR LINEAR LINEAR LINEAR LINEAR
LINEAR LINEAR LINEAR LINEAR LINEAR LINEAR LINEAR LINEAR LINEAR LINEAR LINEAR LINEAR
LINEAR LINEAR LINEAR LINEAR LINEAR LINEAR LINEAR LINEAR LINEAR LINEAR</Name_array>
        <technique_common>
          <accessor source="#mixamorig_Hips-Interpolations-array" count="81">
            <param type="name"/>
          </accessor>
        </technique_common>
      </source>
      <sampler id="mixamorig_Hips-Matrix-animation-transform">
        <input semantic="INPUT" source="#mixamorig_Hips-Matrix-animation-input"/>
        <input semantic="OUTPUT" source="#mixamorig_Hips-Matrix-animation-output-transform"/>
        <input semantic="INTERPOLATION" source="#mixamorig_Hips-Interpolations"/>
      </sampler>
      <channel source="#mixamorig_Hips-Matrix-animation-transform" target="mixamorig_Hips/matrix"/>
    </animation>
    <animation id="mixamorig_Spine-anim" name="mixamorig_Spine">
      <source id="mixamorig_Spine-Matrix-animation-input">
        <float_array id="mixamorig_Spine-Matrix-animation-input-array" count="81">

0.000000 0.033333 0.066667 0.100000 0.133333 0.166667 0.200000 0.233333 0.266667 0.300000 0.333333 0.366667 0.400000 0.433333 0.466667 0.500000
0.533333 0.566667 0.600000 0.633333 0.666667 0.700000 0.733333 0.766667 0.800000 0.833333 0.866667 0.900000 0.933333 0.966667 1.000000 1.033333
1.066667 1.100000 1.133333 1.166667 1.200000 1.233333 1.266667 1.300000 1.333333 1.366667 1.400000 1.433333 1.466667 1.500000 1.533333 1.566667
1.600000 1.633333 1.666667 1.700000 1.733333 1.766667 1.800000 1.833333 1.866667 1.900000 1.933333 1.966667 2.000000 2.033333 2.066667 2.100000
2.133333 2.166667 2.200000 2.233333 2.266667 2.300000 2.333333 2.366667 2.400000 2.433333 2.466667 2.500000 2.533333 2.566667 2.600000 2.633333
2.666667</float_array>
        <technique_common>
          <accessor source="#mixamorig_Spine-Matrix-animation-input-array" count="81">
            <param name="TIME" type="float"/>
          </accessor>
        </technique_common>
      </source>
      <source id="mixamorig_Spine-Matrix-animation-output-transform">
        <float_array id="mixamorig_Spine-Matrix-animation-output-transform-array" count="1296">

0.999957 -0.007955 0.004753 0.000000 0.009019 0.953231 -0.302107 10.763900 -0.002127 0.302137 0.953262 1.243500 0.000000 0.000000 0.000000 1.000000
0.999950 -0.009195 0.003921 0.000000 0.009949 0.953610 -0.300879 10.763900 -0.000972 0.300903 0.953654 1.243500 0.000000 0.000000 0.000000 1.000000
0.999922 -0.012359 0.001803 0.000000 0.012335 0.954612 -0.297596 10.763900 0.001957 0.297595 0.954690 1.243500 0.000000 0.000000 0.000000 1.000000
0.999859 -0.016748 -0.001014 -0.000000 0.015717 0.956061 -0.292747 10.763900 0.005872 0.292690 0.956189 1.243500 0.000000 0.000000 0.000000 1.000000
0.999758 -0.021644 -0.003949 0.000000 0.019603 0.957787 -0.286811 10.763900 0.009990 0.286664 0.957979 1.243500 0.000000 0.000000 0.000000 1.000000
0.999632 -0.026374 -0.006407 0.000000 0.023522 0.959635 -0.280264 10.763900 0.013540 0.280010 0.959901 1.243500 0.000000 0.000000 0.000000 1.000000
0.999506 -0.030508 -0.007608 0.000000 0.027283 0.961779 -0.272466 10.763900 0.015630 0.272123 0.962135 1.243500 0.000000 0.000000 0.000000 1.000000
0.999330 -0.035474 -0.008973 0.000000 0.031910 0.964881 -0.260740 10.763900 0.017907 0.260280 0.965367 1.243500 0.000000 0.000000 0.000000 1.000000
0.999084 -0.041364 -0.011008 0.000000 0.037388 0.968533 -0.246060 10.763900 0.020839 0.245423 0.969192 1.243500 0.000000 0.000000 0.000000 1.000000
0.998742 -0.048311 -0.013414 0.000000 0.043952 0.972332 -0.229432 10.763900 0.024127 0.228554 0.973232 1.243500 0.000000 0.000000 0.000000 1.000000
0.998312 -0.055875 -0.015821 -0.000000 0.051266 0.975952 -0.211872 10.763900 0.027279 0.210703 0.977169 1.243500 0.000000 0.000000 0.000000 1.000000
0.997858 -0.063025 -0.017545 0.000000 0.058444 0.979287 -0.193860 10.763900 0.029400 0.192419 0.980872 1.243500 0.000000 0.000000 0.000000 1.000000
0.997482 -0.068494 -0.018404 0.000000 0.064180 0.982158 -0.176768 10.763900 0.030183 0.175141 0.984081 1.243500 0.000000 0.000000 0.000000 1.000000
0.997132 -0.073630 -0.017516 -0.000000 0.069900 0.984653 -0.159913 10.763900 0.029021 0.158230 0.986976 1.243500 0.000000 0.000000 0.000000 1.000000
0.996775 -0.078910 -0.014584 0.000000 0.076052 0.986934 -0.142044 10.763900 0.025602 0.140477 0.989753 1.243500 0.000000 0.000000 0.000000 1.000000
0.996526 -0.082664 -0.010096 0.000000 0.080786 0.989010 -0.123830 10.763900 0.020221 0.122584 0.992252 1.243500 0.000000 0.000000 0.000000 1.000000
0.996467 -0.083913 -0.003381 -0.000000 0.083076 0.990819 -0.106655 10.763900 0.012300 0.105997 0.994290 1.243500 0.000000 0.000000 0.000000 1.000000
0.996606 -0.082108 0.005919 0.000000 0.082300 0.992112 -0.094555 10.763900 0.001891 0.094721 0.995502 1.243500 0.000000 0.000000 0.000000 1.000000
0.996833 -0.077420 0.018186 0.000000 0.078741 0.992897 -0.089192 10.763900 -0.011152 0.090342 0.995848 1.243500 0.000000 0.000000 0.000000 1.000000
0.997576 -0.057076 0.039815 0.000000 0.060857 0.992991 -0.101322 10.763900 -0.033753 0.103499 0.994057 1.243500 0.000000 0.000000 0.000000 1.000000
0.998008 -0.028596 0.056232 0.000000 0.034966 0.992662 -0.115758 10.763900 -0.052509 0.117494 0.991684 1.243500 0.000000 0.000000 0.000000 1.000000
0.996140 -0.004052 0.087682 -0.000000 0.014879 0.992272 -0.123183 10.763900 -0.086505 0.124012 0.988503 1.243500 0.000000 0.000000 0.000000 1.000000
0.993293 0.007749 0.115361 -0.000000 0.006803 0.992106 -0.125216 10.763900 -0.115421 0.125161 0.985400 1.243500 0.000000 0.000000 0.000000 1.000000
0.991819 0.009205 0.127322 0.000000 0.007515 0.991457 -0.130218 10.763900 -0.127433 0.130110 0.983276 1.243500 0.000000 0.000000 0.000000 1.000000
0.991249 0.006727 0.131837 0.000000 0.011689 0.990305 -0.138417 10.763900 -0.131490 0.138747 0.981560 1.243500 0.000000 0.000000 0.000000 1.000000
0.991037 0.003233 0.133549 0.000000 0.016310 0.989300 -0.144983 10.763900 -0.132589 0.145861 0.980380 1.243500 0.000000 0.000000 0.000000 1.000000
0.990718 -0.001157 0.135925 0.000000 0.021104 0.989147 -0.145403 10.763900 -0.134282 0.146922 0.979991 1.243500 0.000000 0.000000 0.000000 1.000000
0.990374 -0.008235 0.138174 0.000000 0.027725 0.989801 -0.139730 10.763900 -0.135614 0.142215 0.980502 1.243500 0.000000 0.000000 0.000000 1.000000
0.990290 -0.018276 0.137811 0.000000 0.036404 0.990820 -0.130194 10.763900 -0.134166 0.133947 0.981864 1.243500 0.000000 0.000000 0.000000 1.000000
0.988888 -0.021595 0.147085 0.000000 0.037714 0.993468 -0.107698 10.763900 -0.143798 0.112049 0.983243 1.243500 0.000000 0.000000 0.000000 1.000000
0.987238 -0.029099 0.156573 -0.000000 0.042077 0.995889 -0.080221 10.763900 -0.153595 0.085786 0.984403 1.243500 0.000000 0.000000 0.000000 1.000000
0.984819 -0.046774 0.167161 0.000000 0.055807 0.997201 -0.049752 10.763900 -0.164366 0.058325 0.984674 1.243500 0.000000 0.000000 0.000000 1.000000
0.981776 -0.084551 0.170195 0.000000 0.083078 0.996418 0.015767 10.763900 -0.170918 -0.001340 0.985284 1.243500 0.000000 0.000000 0.000000 1.000000
0.976505 -0.149992 0.154724 0.000000 0.140766 0.987634 0.069015 10.763900 -0.163162 -0.045614 0.985544 1.243500 0.000000 0.000000 0.000000 1.000000
0.964324 -0.224984 0.139507 0.000000 0.221602 0.974336 0.039526 10.763900 -0.144820 -0.007200 0.989432 1.243500 0.000000 0.000000 0.000000 1.000000
0.961866 -0.242093 0.127294 0.000000 0.246758 0.968827 -0.022007 10.763900 -0.117998 0.052579 0.991621 1.243500 0.000000 0.000000 0.000000 1.000000
0.954000 -0.257023 0.154346 -0.000000 0.253894 0.966405 0.039991 10.763900 -0.159440 0.001036 0.987207 1.243500 0.000000 0.000000 0.000000 1.000000
0.958549 -0.166428 0.231269 -0.000000 0.188294 0.979185 -0.075779 10.763900 -0.213843 0.116185 0.969934 1.243500 0.000000 0.000000 0.000000 1.000000
0.985665 -0.064292 0.155981 0.000000 0.105086 0.957251 -0.269494 10.763900 -0.131987 0.282022 0.950286 1.243500 0.000000 0.000000 0.000000 1.000000
0.999614 0.023171 0.015348 0.000000 -0.016887 0.944948 -0.326785 10.763900 -0.022075 0.326400 0.944974 1.243500 0.000000 0.000000 0.000000 1.000000
0.996874 0.058443 -0.053168 -0.000000 -0.070975 0.958066 -0.277617 10.763900 0.034713 0.280523 0.959219 1.243500 0.000000 0.000000 0.000000 1.000000
0.992738 0.057626 -0.105591 0.000000 -0.082078 0.966203 -0.244365 10.763900 0.087941 0.251258 0.963917 1.243500 0.000000 0.000000 0.000000 1.000000
0.988910 0.054617 -0.138111 -0.000000 -0.084530 0.971596 -0.221035 10.763900 0.122116 0.230259 0.965437 1.243500 0.000000 0.000000 0.000000 1.000000
0.986784 0.063287 -0.149169 0.000000 -0.093687 0.973940 -0.206551 10.763900 0.132209 0.217796 0.966998 1.243500 0.000000 0.000000 0.000000 1.000000
0.985002 0.073958 -0.155889 0.000000 -0.104645 0.974411 -0.198926 10.763900 0.137188 0.212256 0.967536 1.243500 0.000000 0.000000 0.000000 1.000000
0.984192 0.076399 -0.159778 0.000000 -0.107573 0.974558 -0.196632 10.763900 0.140691 0.210712 0.967371 1.243500 0.000000 0.000000 0.000000 1.000000
0.984472 0.080172 -0.156165 0.000000 -0.110539 0.974212 -0.196704 10.763900 0.136368 0.210912 0.967946 1.243500 0.000000 0.000000 0.000000 1.000000
0.986377 0.077168 -0.145280 -0.000000 -0.105888 0.973701 -0.201727 10.763900 0.125893 0.214362 0.968607 1.243500 0.000000 0.000000 0.000000 1.000000
0.989120 0.072367 -0.128082 -0.000000 -0.097636 0.974175 -0.203592 10.763900 0.110041 0.213882 0.970642 1.243500 0.000000 0.000000 0.000000 1.000000
0.991710 0.067150 -0.109550 0.000000 -0.088553 0.974953 -0.204020 10.763900 0.093106 0.212030 0.972818 1.243500 0.000000 0.000000 0.000000 1.000000
0.993726 0.062288 -0.092896 0.000000 -0.080267 0.975572 -0.204489 10.763900 0.077890 0.210663 0.974451 1.243500 0.000000 0.000000 0.000000 1.000000
0.995157 0.055771 -0.080941 0.000000 -0.071380 0.976154 -0.205006 10.763900 0.067578 0.209791 0.975408 1.243500 0.000000 0.000000 0.000000 1.000000
0.997325 0.035518 -0.063885 0.000000 -0.047673 0.978600 -0.200173 10.763900 0.055408 0.202683 0.977676 1.243500 0.000000 0.000000 0.000000 1.000000
0.999276 0.008353 -0.037107 0.000000 -0.015311 0.981392 -0.191405 10.763900 0.034818 0.191834 0.980810 1.243500 0.000000 0.000000 0.000000 1.000000
0.999952 -0.006316 -0.007471 -0.000000 0.004838 0.983003 -0.183527 10.763900 0.008503 0.183482 0.982986 1.243500 0.000000 0.000000 0.000000 1.000000
0.999282 -0.031121 0.021587 -0.000000 0.034389 0.984354 -0.172816 10.763900 -0.015871 0.173434 0.984718 1.243500 0.000000 0.000000 0.000000 1.000000
0.997431 -0.059585 0.039766 0.000000 0.065123 0.985474 -0.156844 10.763900 -0.029843 0.159031 0.986823 1.243500 0.000000 0.000000 0.000000 1.000000
0.995252 -0.086013 0.045565 -0.000000 0.091546 0.986200 -0.137944 10.763900 -0.033071 0.141460 0.989391 1.243500 0.000000 0.000000 0.000000 1.000000
0.994090 -0.104686 0.028747 0.000000 0.107427 0.986766 -0.121458 10.763900 -0.015652 0.123829 0.992180 1.243500 0.000000 0.000000 0.000000 1.000000
0.992987 -0.117778 0.010235 0.000000 0.118196 0.987259 -0.106534 10.763900 0.002443 0.106997 0.994256 1.243500 0.000000 0.000000 0.000000 1.000000
0.991837 -0.127503 0.001567 0.000000 0.127056 0.987177 -0.096633 10.763900 0.010775 0.096043 0.995319 1.243500 0.000000 0.000000 0.000000 1.000000
0.990913 -0.134444 -0.003925 0.000000 0.133379 0.985984 -0.100226 10.763900 0.017345 0.098792 0.994957 1.243500 0.000000 0.000000 0.000000 1.000000
0.989870 -0.141799 -0.007062 0.000000 0.140105 0.983670 -0.112977 10.763900 0.022966 0.110843 0.993573 1.243500 0.000000 0.000000 0.000000 1.000000
0.989214 -0.146242 -0.008303 0.000000 0.144114 0.981828 -0.123468 10.763900 0.026208 0.120939 0.992314 1.243500 0.000000 0.000000 0.000000 1.000000
0.989585 -0.143693 -0.008555 0.000000 0.141198 0.980528 -0.136482 10.763900 0.028000 0.133853 0.990606 1.243500 0.000000 0.000000 0.000000 1.000000
0.990489 -0.137340 -0.008352 0.000000 0.134477 0.979112 -0.152496 10.763900 0.029122 0.149922 0.988269 1.243500 0.000000 0.000000 0.000000 1.000000
0.991906 -0.126743 -0.007621 0.000000 0.123575 0.977418 -0.171414 10.763900 0.029175 0.169085 0.985170 1.243500 0.000000 0.000000 0.000000 1.000000
0.993653 -0.112307 -0.006375 0.000000 0.108996 0.975270 -0.192270 10.763900 0.027811 0.190355 0.981321 1.243500 0.000000 0.000000 0.000000 1.000000
0.995404 -0.095647 -0.004775 0.000000 0.092435 0.972628 -0.213193 10.763900 0.025036 0.211772 0.976998 1.243500 0.000000 0.000000 0.000000 1.000000
0.996876 -0.078918 -0.003070 0.000000 0.076048 0.969668 -0.232292 10.763900 0.021309 0.231333 0.972641 1.243500 0.000000 0.000000 0.000000 1.000000
0.997968 -0.063696 -0.001459 0.000000 0.061335 0.966673 -0.248557 10.763900 0.017243 0.247963 0.968616 1.243500 0.000000 0.000000 0.000000 1.000000
0.998717 -0.050641 -0.000044 0.000000 0.048862 0.963867 -0.261864 10.763900 0.013304 0.261526 0.965105 1.243500 0.000000 0.000000 0.000000 1.000000
0.999206 -0.039816 0.001149 0.000000 0.038622 0.961374 -0.272522 10.763900 0.009746 0.272350 0.962149 1.243500 0.000000 0.000000 0.000000 1.000000
0.999516 -0.031030 0.002129 -0.000000 0.030378 0.959243 -0.280945 10.763900 0.006675 0.280874 0.959722 1.243500 0.000000 0.000000 0.000000 1.000000
0.999707 -0.024028 0.002917 -0.000000 0.023852 0.957478 -0.287519 10.763900 0.004115 0.287504 0.957771 1.243500 0.000000 0.000000 0.000000 1.000000
0.999821 -0.018566 0.003537 0.000000 0.018788 0.956062 -0.292562 10.763900 0.002050 0.292576 0.956240 1.243500 0.000000 0.000000 0.000000 1.000000
0.999888 -0.014427 0.004009 -0.000000 0.014967 0.954969 -0.296329 10.763900 0.000447 0.296356 0.955078 1.243500 0.000000 0.000000 0.000000 1.000000
0.999925 -0.011434 0.004352 -0.000000 0.012212 0.954168 -0.299023 10.763900 -0.000733 0.299054 0.954236 1.243500 0.000000 0.000000 0.000000 1.000000
0.999945 -0.009436 0.004582 -0.000000 0.010377 0.953630 -0.300802 10.763900 -0.001531 0.300833 0.953676 1.243500 0.000000 0.000000 0.000000 1.000000
0.999954 -0.008310 0.004712 0.000000 0.009345 0.953327 -0.301796 10.763900 -0.001984 0.301826 0.953361 1.243500 0.000000 0.000000 0.000000 1.000000
0.999957 -0.007955 0.004753 0.000000 0.009019 0.953231 -0.302107 10.763900 -0.002127 0.302137 0.953262 1.243500 0.000000 0.000000 0.000000 1.000000</float_array>
        <technique_common>
          <accessor source="#mixamorig_Spine-Matrix-animation-output-transform-array" count="81" stride="16">
            <param type="float4x4"/>
          </accessor>
        </technique_common>
      </source>
      <source id="mixamorig_Spine-Interpolations">
        <Name_array id="mixamorig_Spine-Interpolations-array" count="81">
 LINEAR LINEAR LINEAR LINEAR LINEAR LINEAR LINEAR LINEAR LINEAR LINEAR LINEAR
LINEAR LINEAR LINEAR LINEAR LINEAR LINEAR LINEAR LINEAR LINEAR LINEAR LINEAR LINEAR
LINEAR LINEAR LINEAR LINEAR LINEAR LINEAR LINEAR LINEAR LINEAR LINEAR LINEAR LINEAR
LINEAR LINEAR LINEAR LINEAR LINEAR LINEAR LINEAR LINEAR LINEAR LINEAR LINEAR LINEAR
LINEAR LINEAR LINEAR LINEAR LINEAR LINEAR LINEAR LINEAR LINEAR LINEAR LINEAR LINEAR
LINEAR LINEAR LINEAR LINEAR LINEAR LINEAR LINEAR LINEAR LINEAR LINEAR LINEAR LINEAR
LINEAR LINEAR LINEAR LINEAR LINEAR LINEAR LINEAR LINEAR LINEAR LINEAR</Name_array>
        <technique_common>
          <accessor source="#mixamorig_Spine-Interpolations-array" count="81">
            <param type="name"/>
          </accessor>
        </technique_common>
      </source>
      <sampler id="mixamorig_Spine-Matrix-animation-transform">
        <input semantic="INPUT" source="#mixamorig_Spine-Matrix-animation-input"/>
        <input semantic="OUTPUT" source="#mixamorig_Spine-Matrix-animation-output-transform"/>
        <input semantic="INTERPOLATION" source="#mixamorig_Spine-Interpolations"/>
      </sampler>
      <channel source="#mixamorig_Spine-Matrix-animation-transform" target="mixamorig_Spine/matrix"/>
    </animation>
    <animation id="mixamorig_Spine1-anim" name="mixamorig_Spine1">
      <source id="mixamorig_Spine1-Matrix-animation-input">
        <float_array id="mixamorig_Spine1-Matrix-animation-input-array" count="81">

0.000000 0.033333 0.066667 0.100000 0.133333 0.166667 0.200000 0.233333 0.266667 0.300000 0.333333 0.366667 0.400000 0.433333 0.466667 0.500000
0.533333 0.566667 0.600000 0.633333 0.666667 0.700000 0.733333 0.766667 0.800000 0.833333 0.866667 0.900000 0.933333 0.966667 1.000000 1.033333
1.066667 1.100000 1.133333 1.166667 1.200000 1.233333 1.266667 1.300000 1.333333 1.366667 1.400000 1.433333 1.466667 1.500000 1.533333 1.566667
1.600000 1.633333 1.666667 1.700000 1.733333 1.766667 1.800000 1.833333 1.866667 1.900000 1.933333 1.966667 2.000000 2.033333 2.066667 2.100000
2.133333 2.166667 2.200000 2.233333 2.266667 2.300000 2.333333 2.366667 2.400000 2.433333 2.466667 2.500000 2.533333 2.566667 2.600000 2.633333
2.666667</float_array>
        <technique_common>
          <accessor source="#mixamorig_Spine1-Matrix-animation-input-array" count="81">
            <param name="TIME" type="float"/>
          </accessor>
        </technique_common>
      </source>
      <source id="mixamorig_Spine1-Matrix-animation-output-transform">
        <float_array id="mixamorig_Spine1-Matrix-animation-output-transform-array" count="1296">

0.999841 -0.016574 0.006588 -0.000000 0.017718 0.965378 -0.260254 13.063300 -0.002046 0.260330 0.965518 -0.000000 0.000000 0.000000 0.000000 1.000000
0.999837 -0.017124 0.005799 -0.000000 0.018042 0.965790 -0.258699 13.063300 -0.001171 0.258761 0.965941 0.000000 0.000000 0.000000 0.000000 1.000000
0.999821 -0.018514 0.003792 0.000000 0.018869 0.966856 -0.254623 13.063300 0.001048 0.254649 0.967033 0.000000 0.000000 0.000000 0.000000 1.000000
0.999791 -0.020402 0.001108 0.000000 0.020036 0.968348 -0.248798 13.063300 0.004003 0.248769 0.968555 0.000000 0.000000 0.000000 0.000000 1.000000
0.999747 -0.022445 -0.001711 0.000000 0.021364 0.970043 -0.241991 13.063300 0.007091 0.241893 0.970277 -0.000000 0.000000 0.000000 0.000000 1.000000
0.999696 -0.024306 -0.004124 -0.000000 0.022657 0.971737 -0.234977 13.063300 0.009719 0.234812 0.971992 0.000000 0.000000 0.000000 0.000000 1.000000
0.999656 -0.025646 -0.005443 0.000000 0.023733 0.973429 -0.227756 13.063300 0.011139 0.227548 0.973703 0.000000 0.000000 0.000000 0.000000 1.000000
0.999607 -0.027251 -0.006502 0.000000 0.025179 0.975635 -0.217950 13.063300 0.012283 0.217701 0.975938 0.000000 0.000000 0.000000 0.000000 1.000000
0.999538 -0.029413 -0.007697 0.000000 0.027198 0.978170 -0.206021 13.063300 0.013589 0.205716 0.978517 0.000000 0.000000 0.000000 0.000000 1.000000
0.999441 -0.032207 -0.008923 -0.000000 0.029886 0.980802 -0.192705 13.063300 0.014959 0.192330 0.981216 0.000000 0.000000 0.000000 0.000000 1.000000
0.999313 -0.035567 -0.010435 -0.000000 0.033133 0.983345 -0.178703 13.063300 0.016618 0.178234 0.983848 0.000000 0.000000 0.000000 0.000000 1.000000
0.999172 -0.038883 -0.011992 0.000000 0.036388 0.985733 -0.164339 13.063300 0.018211 0.163766 0.986331 0.000000 0.000000 0.000000 0.000000 1.000000
0.999019 -0.042035 -0.013931 -0.000000 0.039461 0.987796 -0.150669 13.063300 0.020094 0.149971 0.988486 0.000000 0.000000 0.000000 0.000000 1.000000
0.998903 -0.044538 -0.014465 -0.000000 0.042136 0.989630 -0.137322 13.063300 0.020431 0.136562 0.990421 0.000000 0.000000 0.000000 0.000000 1.000000
0.998866 -0.046193 -0.011557 -0.000000 0.044418 0.991358 -0.123439 13.063300 0.017159 0.122786 0.992285 -0.000000 0.000000 0.000000 0.000000 1.000000
0.998869 -0.047040 -0.006894 0.000000 0.046009 0.992966 -0.109095 13.063300 0.011977 0.108654 0.994007 -0.000000 0.000000 0.000000 0.000000 1.000000
0.998900 -0.046896 0.000325 0.000000 0.046712 0.994303 -0.095805 13.063300 0.004170 0.095715 0.995400 0.000000 0.000000 0.000000 0.000000 1.000000
0.998938 -0.045268 0.008605 -0.000000 0.045842 0.995220 -0.086228 13.063300 -0.004660 0.086530 0.996238 0.000000 0.000000 0.000000 0.000000 1.000000
0.998948 -0.042270 0.017757 0.000000 0.043582 0.995722 -0.081474 13.063300 -0.014237 0.082162 0.996517 0.000000 0.000000 0.000000 0.000000 1.000000
0.998966 -0.031202 0.033076 0.000000 0.034048 0.995424 -0.089280 13.063300 -0.030139 0.090314 0.995457 -0.000000 0.000000 0.000000 0.000000 1.000000
0.998865 -0.011627 0.046189 0.000000 0.016104 0.995077 -0.097784 13.063300 -0.044825 0.098417 0.994135 0.000000 0.000000 0.000000 0.000000 1.000000
0.997485 0.007898 0.070437 0.000000 -0.000795 0.994957 -0.100303 13.063300 -0.070874 0.099994 0.992461 0.000000 0.000000 0.000000 0.000000 1.000000
0.995667 0.016994 0.091422 0.000000 -0.007742 0.994895 -0.100618 13.063300 -0.092665 0.099474 0.990716 -0.000000 0.000000 0.000000 0.000000 1.000000
0.994734 0.017952 0.100903 -0.000000 -0.007304 0.994454 -0.104920 13.063300 -0.102227 0.103630 0.989348 0.000000 0.000000 0.000000 0.000000 1.000000
0.994372 0.016322 0.104677 0.000000 -0.004509 0.993686 -0.112107 13.063300 -0.105846 0.111004 0.988167 0.000000 0.000000 0.000000 0.000000 1.000000
0.994243 0.014216 0.106201 0.000000 -0.001646 0.993069 -0.117523 13.063300 -0.107136 0.116671 0.987375 -0.000000 0.000000 0.000000 0.000000 1.000000
0.994067 0.012061 0.108100 -0.000000 0.000741 0.993059 -0.117618 13.063300 -0.108768 0.117000 0.987158 0.000000 0.000000 0.000000 0.000000 1.000000
0.993926 0.009312 0.109656 0.000000 0.003175 0.993573 -0.113149 13.063300 -0.110005 0.112810 0.987508 0.000000 0.000000 0.000000 0.000000 1.000000
0.993998 0.005375 0.109264 -0.000000 0.006281 0.994341 -0.106051 13.063300 -0.109216 0.106101 0.988339 -0.000000 0.000000 0.000000 0.000000 1.000000
0.992639 0.008294 0.120825 0.000000 0.002248 0.996219 -0.086847 13.063300 -0.121088 0.086479 0.988867 0.000000 0.000000 0.000000 0.000000 1.000000
0.990965 0.007581 0.133907 0.000000 0.000899 0.998003 -0.063158 13.063300 -0.134118 0.062708 0.988979 -0.000000 0.000000 0.000000 0.000000 1.000000
0.988865 -0.000998 0.148811 0.000000 0.006653 0.999274 -0.037506 13.063300 -0.148665 0.038079 0.988154 -0.000000 0.000000 0.000000 0.000000 1.000000
0.986595 -0.022024 0.161694 0.000000 0.021587 0.999757 0.004460 13.063300 -0.161753 -0.000910 0.986831 0.000000 0.000000 0.000000 0.000000 1.000000
0.984999 -0.059832 0.161856 -0.000000 0.054197 0.997768 0.039012 13.063300 -0.163829 -0.029655 0.986043 0.000000 0.000000 0.000000 0.000000 1.000000
0.982636 -0.103781 0.153803 -0.000000 0.100938 0.994548 0.026205 13.063300 -0.155684 -0.010226 0.987754 0.000000 0.000000 0.000000 0.000000 1.000000
0.987045 -0.103350 0.122721 -0.000000 0.106062 0.994235 -0.015764 13.063300 -0.120384 0.028576 0.992316 -0.000000 0.000000 0.000000 0.000000 1.000000
0.986361 -0.026621 0.162431 -0.000000 0.029690 0.999423 -0.016497 13.063300 -0.161898 0.021095 0.986582 0.000000 0.000000 0.000000 0.000000 1.000000
0.976333 -0.050798 0.210221 0.000000 0.058423 0.997835 -0.030214 13.063300 -0.208231 0.041781 0.977187 -0.000000 0.000000 0.000000 0.000000 1.000000
0.986817 -0.039463 0.156953 0.000000 0.057761 0.991825 -0.113788 13.063300 -0.151180 0.121354 0.981029 0.000000 0.000000 0.000000 0.000000 1.000000
0.998930 0.001869 0.046202 0.000000 0.006223 0.984662 -0.174362 13.063300 -0.045820 0.174463 0.983597 0.000000 0.000000 0.000000 0.000000 1.000000
0.999638 0.017717 -0.020225 0.000000 -0.020909 0.985143 -0.170457 13.063300 0.016904 0.170819 0.985157 -0.000000 0.000000 0.000000 0.000000 1.000000
0.997845 0.019148 -0.062754 0.000000 -0.029440 0.985441 -0.167449 13.063300 0.058634 0.168935 0.983882 0.000000 0.000000 0.000000 0.000000 1.000000
0.996307 0.020895 -0.083286 0.000000 -0.034501 0.985615 -0.165448 13.063300 0.078631 0.167710 0.982696 0.000000 0.000000 0.000000 0.000000 1.000000
0.996206 0.033084 -0.080487 -0.000000 -0.045541 0.986350 -0.158237 13.063300 0.074154 0.161302 0.984115 0.000000 0.000000 0.000000 0.000000 1.000000
0.995954 0.044028 -0.078339 0.000000 -0.055832 0.986254 -0.155519 13.063300 0.070415 0.159264 0.984722 0.000000 0.000000 0.000000 0.000000 1.000000
0.995692 0.046262 -0.080359 0.000000 -0.058495 0.985825 -0.157249 13.063300 0.071945 0.161273 0.984284 -0.000000 0.000000 0.000000 0.000000 1.000000
0.995719 0.051262 -0.076916 0.000000 -0.063040 0.985183 -0.159503 13.063300 0.067600 0.163669 0.984197 0.000000 0.000000 0.000000 0.000000 1.000000
0.996138 0.052316 -0.070509 0.000000 -0.063328 0.984374 -0.164309 13.063300 0.060812 0.168140 0.983886 0.000000 0.000000 0.000000 0.000000 1.000000
0.996811 0.051576 -0.060898 -0.000000 -0.061130 0.984027 -0.167197 13.063300 0.051302 0.170386 0.984041 0.000000 0.000000 0.000000 0.000000 1.000000
0.997467 0.049321 -0.051249 0.000000 -0.057361 0.983842 -0.169602 13.063300 0.042056 0.172112 0.984179 0.000000 0.000000 0.000000 0.000000 1.000000
0.997960 0.046848 -0.043373 0.000000 -0.053647 0.983657 -0.171874 13.063300 0.034613 0.173850 0.984164 0.000000 0.000000 0.000000 0.000000 1.000000
0.998281 0.043154 -0.039669 0.000000 -0.049417 0.983574 -0.173606 13.063300 0.031526 0.175268 0.984016 0.000000 0.000000 0.000000 0.000000 1.000000
0.998766 0.032602 -0.037471 -0.000000 -0.038537 0.984602 -0.170512 13.063300 0.031335 0.171745 0.984643 0.000000 0.000000 0.000000 0.000000 1.000000
0.999202 0.019521 -0.034837 0.000000 -0.024998 0.986067 -0.164461 13.063300 0.031141 0.165201 0.985768 -0.000000 0.000000 0.000000 0.000000 1.000000
