<?xml version="1.0" encoding="utf-8"?>
<COLLADA xmlns="http://www.collada.org/2005/11/COLLADASchema" version="1.4.1">
  <asset>
    <contributor>
      <author>Mixamo</author>
      <authoring_tool>COLLADA Mixamo exporter</authoring_tool>
      <comments/>
    </contributor>
    <created>2023-09-07T14:43:19Z</created>
    <modified>2023-09-07T14:43:19Z</modified>
    <revision/>
    <title/>
    <unit meter="0.010000"/>
    <up_axis>Y_UP</up_axis>
  </asset>
  <library_animations>
    <animation id="mixamorig_Hips-anim" name="mixamorig_Hips">
      <source id="mixamorig_Hips-Matrix-animation-input">
        <float_array id="mixamorig_Hips-Matrix-animation-input-array" count="34">

0.000000 0.033333 0.066667 0.100000 0.133333 0.166667 0.200000 0.233333 0.266667 0.300000 0.333333 0.366667 0.400000 0.433333 0.466667 0.500000
0.533333 0.566667 0.600000 0.633333 0.666667 0.700000 0.733333 0.766667 0.800000 0.833333 0.866667 0.900000 0.933333 0.966667 1.000000 1.033333
1.066667 1.100000</float_array>
        <technique_common>
          <accessor source="#mixamorig_Hips-Matrix-animation-input-array" count="34">
            <param name="TIME" type="float"/>
          </accessor>
        </technique_common>
      </source>
      <source id="mixamorig_Hips-Matrix-animation-output-transform">
        <float_array id="mixamorig_Hips-Matrix-animation-output-transform-array" count="544">

0.999820 0.018948 0.000042 -0.000024 -0.018948 0.999811 0.004403 80.532974 0.000042 -0.004403 0.999990 0.000017 0.000000 0.000000 0.000000 1.000000
0.998608 -0.009407 -0.051897 0.714024 0.008588 0.999835 -0.015985 78.965668 0.052038 0.015518 0.998525 -1.079897 0.000000 0.000000 0.000000 1.000000
0.997960 -0.024113 -0.059121 1.079304 0.022144 0.999186 -0.033731 76.982780 0.059887 0.032353 0.997681 -2.062459 0.000000 0.000000 0.000000 1.000000
0.999780 -0.020742 0.003109 0.742648 0.020861 0.998774 -0.044895 75.264656 -0.002174 0.044950 0.998987 -2.776275 0.000000 0.000000 0.000000 1.000000
0.988872 0.001300 0.148764 -0.384374 0.006799 0.998522 -0.053918 74.122131 -0.148614 0.054329 0.987402 -2.875143 0.000000 0.000000 0.000000 1.000000
0.930729 0.031606 0.364340 -1.903652 -0.006881 0.997595 -0.068963 73.564537 -0.365644 0.061679 0.928709 -2.241609 0.000000 0.000000 0.000000 1.000000
0.802343 0.050885 0.594690 -3.093106 0.000060 0.996352 -0.085334 73.246017 -0.596863 0.068503 0.799413 -1.157078 0.000000 0.000000 0.000000 1.000000
0.643203 0.048873 0.764134 -3.451466 0.026526 0.995940 -0.086028 72.499634 -0.765236 0.075603 0.639295 0.125050 0.000000 0.000000 0.000000 1.000000
0.531213 0.031751 0.846643 -3.126472 0.053158 0.996080 -0.070708 71.238899 -0.845569 0.082566 0.527443 1.280230 0.000000 0.000000 0.000000 1.000000
0.478217 0.013409 0.878139 -2.642484 0.079950 0.995067 -0.058734 69.787163 -0.874595 0.098294 0.474786 2.447586 0.000000 0.000000 0.000000 1.000000
0.413838 0.005280 0.910335 -2.396353 0.125074 0.990170 -0.062601 68.535301 -0.901717 0.139766 0.409110 4.146556 0.000000 0.000000 0.000000 1.000000
0.290127 0.014194 0.956883 -2.295737 0.190371 0.979050 -0.072243 67.421387 -0.937862 0.203122 0.281347 6.845940 0.000000 0.000000 0.000000 1.000000
0.142286 0.033629 0.989254 -2.094345 0.251043 0.965519 -0.068930 66.325317 -0.957461 0.258153 0.128938 10.067764 0.000000 0.000000 0.000000 1.000000
0.034072 0.050257 0.998155 -1.782129 0.284170 0.957025 -0.057886 65.470016 -0.958168 0.285618 0.018326 12.794005 0.000000 0.000000 0.000000 1.000000
-0.013493 0.059662 0.998127 -1.497519 0.290864 0.955286 -0.053169 65.006622 -0.956669 0.289602 -0.030244 14.721594 0.000000 0.000000 0.000000 1.000000
-0.016160 0.063183 0.997871 -1.375453 0.280421 0.958234 -0.056132 64.949913 -0.959741 0.278917 -0.033203 15.886984 0.000000 0.000000 0.000000 1.000000
0.008723 0.063190 0.997963 -1.357425 0.255831 0.964646 -0.063316 65.243866 -0.966682 0.255862 -0.007751 16.387999 0.000000 0.000000 0.000000 1.000000
0.053887 0.063728 0.996511 -1.262769 0.218818 0.972951 -0.074054 65.841629 -0.974276 0.222046 0.038485 16.318651 0.000000 0.000000 0.000000 1.000000
0.118464 0.068737 0.990576 -0.982477 0.175747 0.980400 -0.089048 66.692932 -0.977282 0.184640 0.104062 15.723454 0.000000 0.000000 0.000000 1.000000
0.203286 0.076812 0.976102 -0.534965 0.134027 0.985351 -0.105453 67.762451 -0.969903 0.152261 0.190013 14.664724 0.000000 0.000000 0.000000 1.000000
0.310486 0.081359 0.947090 0.052315 0.095679 0.988596 -0.116291 69.036514 -0.945750 0.126723 0.299161 13.288010 0.000000 0.000000 0.000000 1.000000
0.439503 0.078526 0.894802 0.778928 0.059226 0.991470 -0.116099 70.458992 -0.896286 0.104021 0.431103 11.700540 0.000000 0.000000 0.000000 1.000000
0.577909 0.073192 0.812812 1.626980 0.025498 0.993865 -0.107624 71.945686 -0.815703 0.082922 0.572497 10.003610 0.000000 0.000000 0.000000 1.000000
0.704305 0.073344 0.706098 2.483483 -0.003185 0.994965 -0.100173 73.515152 -0.709890 0.068303 0.700993 8.376586 0.000000 0.000000 0.000000 1.000000
0.805008 0.076495 0.588312 3.141589 -0.023621 0.994999 -0.097053 75.151505 -0.592794 0.064232 0.802789 6.967050 0.000000 0.000000 0.000000 1.000000
0.880253 0.071386 0.469105 3.399385 -0.031272 0.995197 -0.092763 76.722168 -0.473474 0.066985 0.878257 5.867314 0.000000 0.000000 0.000000 1.000000
0.934846 0.052628 0.351131 3.190675 -0.025202 0.996295 -0.082228 78.030579 -0.354158 0.068021 0.932709 4.969210 0.000000 0.000000 0.000000 1.000000
0.970548 0.028321 0.239236 2.652680 -0.013060 0.997791 -0.065141 78.925606 -0.240552 0.060098 0.968774 4.082681 0.000000 0.000000 0.000000 1.000000
0.989144 0.010288 0.146590 2.026099 -0.003831 0.999013 -0.044259 79.451492 -0.146901 0.043217 0.988207 3.088623 0.000000 0.000000 0.000000 1.000000
0.996482 0.003808 0.083726 1.453116 -0.001468 0.999607 -0.027998 79.856506 -0.083800 0.027777 0.996095 2.136473 0.000000 0.000000 0.000000 1.000000
0.998918 0.005612 0.046174 0.974707 -0.004626 0.999760 -0.021421 80.169228 -0.046283 0.021184 0.998704 1.312781 0.000000 0.000000 0.000000 1.000000
0.999675 0.011622 0.022668 0.568246 -0.011202 0.999765 -0.018561 80.376778 -0.022879 0.018301 0.999571 0.664427 0.000000 0.000000 0.000000 1.000000
0.999824 0.017285 0.007275 0.223361 -0.017209 0.999799 -0.010331 80.497009 -0.007453 0.010204 0.999920 0.200516 0.000000 0.000000 0.000000 1.000000
0.999821 0.018918 0.000041 0.000059 -0.018918 0.999811 0.004432 80.537567 0.000043 -0.004432 0.999990 -0.003076 0.000000 0.000000 0.000000 1.000000</float_array>
        <technique_common>
          <accessor source="#mixamorig_Hips-Matrix-animation-output-transform-array" count="34" stride="16">
            <param type="float4x4"/>
          </accessor>
        </technique_common>
      </source>
      <source id="mixamorig_Hips-Interpolations">
        <Name_array id="mixamorig_Hips-Interpolations-array" count="34">
 LINEAR LINEAR LINEAR LINEAR LINEAR LINEAR LINEAR LINEAR LINEAR LINEAR LINEAR
LINEAR LINEAR LINEAR LINEAR LINEAR LINEAR LINEAR LINEAR LINEAR LINEAR LINEAR LINEAR
LINEAR LINEAR LINEAR LINEAR LINEAR LINEAR LINEAR LINEAR LINEAR LINEAR LINEAR</Name_array>
        <technique_common>
          <accessor source="#mixamorig_Hips-Interpolations-array" count="34">
            <param type="name"/>
          </accessor>
        </technique_common>
      </source>
      <sampler id="mixamorig_Hips-Matrix-animation-transform">
        <input semantic="INPUT" source="#mixamorig_Hips-Matrix-animation-input"/>
        <input semantic="OUTPUT" source="#mixamorig_Hips-Matrix-animation-output-transform"/>
        <input semantic="INTERPOLATION" source="#mixamorig_Hips-Interpolations"/>
      </sampler>
      <channel source="#mixamorig_Hips-Matrix-animation-transform" target="mixamorig_Hips/matrix"/>
    </animation>
    <animation id="mixamorig_Spine-anim" name="mixamorig_Spine">
      <source id="mixamorig_Spine-Matrix-animation-input">
        <float_array id="mixamorig_Spine-Matrix-animation-input-array" count="34">

0.000000 0.033333 0.066667 0.100000 0.133333 0.166667 0.200000 0.233333 0.266667 0.300000 0.333333 0.366667 0.400000 0.433333 0.466667 0.500000
0.533333 0.566667 0.600000 0.633333 0.666667 0.700000 0.733333 0.766667 0.800000 0.833333 0.866667 0.900000 0.933333 0.966667 1.000000 1.033333
1.066667 1.100000</float_array>
        <technique_common>
          <accessor source="#mixamorig_Spine-Matrix-animation-input-array" count="34">
            <param name="TIME" type="float"/>
          </accessor>
        </technique_common>
      </source>
      <source id="mixamorig_Spine-Matrix-animation-output-transform">
        <float_array id="mixamorig_Spine-Matrix-animation-output-transform-array" count="544">

0.999957 -0.007955 0.004753 0.000000 0.009019 0.953231 -0.302107 10.763900 -0.002127 0.302137 0.953262 1.243500 0.000000 0.000000 0.000000 1.000000
0.999862 -0.014068 -0.008796 0.000000 0.010828 0.954955 -0.296554 10.763900 0.012572 0.296418 0.954976 1.243500 0.000000 0.000000 0.000000 1.000000
0.999650 -0.015490 -0.021467 -0.000000 0.008666 0.957732 -0.287533 10.763900 0.025013 0.287246 0.957530 1.243500 0.000000 0.000000 0.000000 1.000000
0.999440 -0.009787 -0.032009 0.000000 0.000642 0.961726 -0.274011 10.763900 0.033466 0.273837 0.961194 1.243500 0.000000 0.000000 0.000000 1.000000
0.999314 -0.002623 -0.036928 -0.000000 -0.007000 0.966107 -0.258049 10.763900 0.036353 0.258130 0.965426 1.243500 0.000000 0.000000 0.000000 1.000000
0.999439 0.006706 -0.032807 0.000000 -0.014541 0.969466 -0.244793 10.763900 0.030164 0.245133 0.969020 1.243500 0.000000 0.000000 0.000000 1.000000
0.999782 0.015478 -0.013984 0.000000 -0.018300 0.972591 -0.231800 10.763900 0.010013 0.232006 0.972663 1.243500 0.000000 0.000000 0.000000 1.000000
0.999478 0.028277 0.015622 -0.000000 -0.024207 0.975766 -0.217473 10.763900 -0.021393 0.216981 0.975941 1.243500 0.000000 0.000000 0.000000 1.000000
0.998291 0.036860 0.045341 0.000000 -0.027368 0.980516 -0.194525 10.763900 -0.051628 0.192951 0.979849 1.243500 0.000000 0.000000 0.000000 1.000000
0.997991 0.039093 0.049864 0.000000 -0.030124 0.985088 -0.169394 10.763900 -0.055743 0.167552 0.984286 1.243500 0.000000 0.000000 0.000000 1.000000
0.996990 0.044019 0.063822 -0.000000 -0.034300 0.988677 -0.146083 10.763900 -0.069530 0.143454 0.987211 1.243500 0.000000 0.000000 0.000000 1.000000
0.994642 0.053298 0.088576 0.000000 -0.042102 0.991416 -0.123783 10.763900 -0.094413 0.119391 0.988348 1.243500 0.000000 0.000000 0.000000 1.000000
0.993276 0.058926 0.099649 0.000000 -0.047898 0.992815 -0.109655 10.763900 -0.105394 0.104145 0.988962 1.243500 0.000000 0.000000 0.000000 1.000000
0.992823 0.062330 0.102062 -0.000000 -0.051454 0.993041 -0.105931 10.763900 -0.107954 0.099919 0.989122 1.243500 0.000000 0.000000 0.000000 1.000000
0.992462 0.065853 0.103357 0.000000 -0.054507 0.992546 -0.109004 10.763900 -0.109765 0.102549 0.988653 1.243500 0.000000 0.000000 0.000000 1.000000
0.992548 0.068861 0.100533 0.000000 -0.056992 0.991555 -0.116492 10.763900 -0.107706 0.109895 0.988090 1.243500 0.000000 0.000000 0.000000 1.000000
0.993145 0.070683 0.093097 -0.000000 -0.058410 0.989985 -0.128526 10.763900 -0.101249 0.122207 0.987327 1.243500 0.000000 0.000000 0.000000 1.000000
0.993734 0.068371 0.088419 0.000000 -0.055201 0.988088 -0.143647 10.763900 -0.097187 0.137866 0.985671 1.243500 0.000000 0.000000 0.000000 1.000000
0.994523 0.063163 0.083268 0.000000 -0.049371 0.986144 -0.158375 10.763900 -0.092118 0.153397 0.983862 1.243500 0.000000 0.000000 0.000000 1.000000
0.995414 0.057389 0.076533 -0.000000 -0.043564 0.984232 -0.171431 10.763900 -0.085165 0.167311 0.982219 1.243500 0.000000 0.000000 0.000000 1.000000
0.996413 0.053220 0.065787 0.000000 -0.040102 0.981596 -0.186712 10.763900 -0.074513 0.183404 0.980210 1.243500 0.000000 0.000000 0.000000 1.000000
0.997669 0.048611 0.047887 0.000000 -0.037975 0.978599 -0.202242 10.763900 -0.056694 0.199952 0.978164 1.243500 0.000000 0.000000 0.000000 1.000000
0.998642 0.042848 0.029648 0.000000 -0.035458 0.975773 -0.215892 10.763900 -0.038181 0.214547 0.975967 1.243500 0.000000 0.000000 0.000000 1.000000
0.999251 0.036151 0.013790 0.000000 -0.032023 0.972745 -0.229656 10.763900 -0.021717 0.229042 0.973174 1.243500 0.000000 0.000000 0.000000 1.000000
0.999760 0.021624 0.003521 0.000000 -0.020160 0.970923 -0.238540 10.763900 -0.008576 0.238412 0.971126 1.243500 0.000000 0.000000 0.000000 1.000000
0.999946 0.009710 -0.003730 0.000000 -0.010330 0.968907 -0.247210 10.763900 0.001214 0.247235 0.968955 1.243500 0.000000 0.000000 0.000000 1.000000
0.999970 0.005399 -0.005520 0.000000 -0.006635 0.966514 -0.256528 10.763900 0.003950 0.256557 0.966521 1.243500 0.000000 0.000000 0.000000 1.000000
0.999952 0.006237 -0.007531 0.000000 -0.008004 0.964452 -0.264137 10.763900 0.005615 0.264184 0.964456 1.243500 0.000000 0.000000 0.000000 1.000000
0.999961 0.005722 -0.006770 0.000000 -0.007353 0.962003 -0.272938 10.763900 0.004951 0.272977 0.962008 1.243500 0.000000 0.000000 0.000000 1.000000
0.999965 0.001628 -0.008173 -0.000000 -0.003852 0.959959 -0.280116 10.763900 0.007390 0.280137 0.959931 1.243500 0.000000 0.000000 0.000000 1.000000
0.999953 -0.005138 -0.008233 0.000000 0.002577 0.958497 -0.285090 10.763900 0.009356 0.285055 0.958465 1.243500 0.000000 0.000000 0.000000 1.000000
0.999909 -0.011152 -0.007575 0.000000 0.008456 0.956418 -0.291877 10.763900 0.010500 0.291787 0.956426 1.243500 0.000000 0.000000 0.000000 1.000000
0.999918 -0.012129 -0.004093 0.000000 0.010359 0.954549 -0.297875 10.763900 0.007520 0.297809 0.954596 1.243500 0.000000 0.000000 0.000000 1.000000
0.999957 -0.007914 0.004745 0.000000 0.008978 0.953232 -0.302108 10.763900 -0.002132 0.302137 0.953262 1.243500 0.000000 0.000000 0.000000 1.000000</float_array>
        <technique_common>
          <accessor source="#mixamorig_Spine-Matrix-animation-output-transform-array" count="34" stride="16">
            <param type="float4x4"/>
          </accessor>
        </technique_common>
      </source>
      <source id="mixamorig_Spine-Interpolations">
        <Name_array id="mixamorig_Spine-Interpolations-array" count="34">
 LINEAR LINEAR LINEAR LINEAR LINEAR LINEAR LINEAR LINEAR LINEAR LINEAR LINEAR
LINEAR LINEAR LINEAR LINEAR LINEAR LINEAR LINEAR LINEAR LINEAR LINEAR LINEAR LINEAR
LINEAR LINEAR LINEAR LINEAR LINEAR LINEAR LINEAR LINEAR LINEAR LINEAR LINEAR</Name_array>
        <technique_common>
          <accessor source="#mixamorig_Spine-Interpolations-array" count="34">
            <param type="name"/>
          </accessor>
        </technique_common>
      </source>
      <sampler id="mixamorig_Spine-Matrix-animation-transform">
        <input semantic="INPUT" source="#mixamorig_Spine-Matrix-animation-input"/>
        <input semantic="OUTPUT" source="#mixamorig_Spine-Matrix-animation-output-transform"/>
        <input semantic="INTERPOLATION" source="#mixamorig_Spine-Interpolations"/>
      </sampler>
      <channel source="#mixamorig_Spine-Matrix-animation-transform" target="mixamorig_Spine/matrix"/>
    </animation>
    <animation id="mixamorig_Spine1-anim" name="mixamorig_Spine1">
      <source id="mixamorig_Spine1-Matrix-animation-input">
        <float_array id="mixamorig_Spine1-Matrix-animation-input-array" count="34">

0.000000 0.033333 0.066667 0.100000 0.133333 0.166667 0.200000 0.233333 0.266667 0.300000 0.333333 0.366667 0.400000 0.433333 0.466667 0.500000
0.533333 0.566667 0.600000 0.633333 0.666667 0.700000 0.733333 0.766667 0.800000 0.833333 0.866667 0.900000 0.933333 0.966667 1.000000 1.033333
1.066667 1.100000</float_array>
        <technique_common>
          <accessor source="#mixamorig_Spine1-Matrix-animation-input-array" count="34">
            <param name="TIME" type="float"/>
          </accessor>
        </technique_common>
      </source>
      <source id="mixamorig_Spine1-Matrix-animation-output-transform">
        <float_array id="mixamorig_Spine1-Matrix-animation-output-transform-array" count="544">

0.999841 -0.016574 0.006588 0.000000 0.017718 0.965378 -0.260254 13.063300 -0.002046 0.260330 0.965518 0.000000 0.000000 0.000000 0.000000 1.000000
0.999450 -0.025457 -0.021256 0.000000 0.019273 0.967424 -0.252425 13.063300 0.026989 0.251877 0.967383 0.000000 0.000000 0.000000 0.000000 1.000000
0.998586 -0.025228 -0.046788 0.000000 0.013075 0.969735 -0.243811 13.063300 0.051523 0.242855 0.968693 -0.000000 0.000000 0.000000 0.000000 1.000000
0.997684 -0.011281 -0.067076 0.000000 -0.004531 0.972938 -0.231022 13.063300 0.067867 0.230791 0.970634 -0.000000 0.000000 0.000000 0.000000 1.000000
0.996960 0.007528 -0.077548 0.000000 -0.024293 0.975736 -0.217597 13.063300 0.074028 0.218820 0.972953 0.000000 0.000000 0.000000 0.000000 1.000000
0.996916 0.030250 -0.072417 0.000000 -0.045104 0.975957 -0.213247 13.063300 0.064225 0.215855 0.974311 -0.000000 0.000000 0.000000 0.000000 1.000000
0.998162 0.046652 -0.038692 0.000000 -0.053854 0.975551 -0.213071 13.063300 0.027806 0.214763 0.976270 0.000000 0.000000 0.000000 0.000000 1.000000
0.997470 0.069157 0.016454 -0.000000 -0.064118 0.975197 -0.211850 13.063300 -0.030696 0.210259 0.977164 0.000000 0.000000 0.000000 0.000000 1.000000
0.993752 0.084197 0.073267 0.000000 -0.068681 0.978751 -0.193206 13.063300 -0.087977 0.186967 0.978419 0.000000 0.000000 0.000000 0.000000 1.000000
0.992715 0.088821 0.081411 -0.000000 -0.074270 0.983156 -0.166996 13.063300 -0.094872 0.159733 0.982591 -0.000000 0.000000 0.000000 0.000000 1.000000
0.989357 0.094619 0.110546 -0.000000 -0.078514 0.986760 -0.141918 13.063300 -0.122510 0.131729 0.983686 0.000000 0.000000 0.000000 0.000000 1.000000
0.981346 0.106661 0.159951 0.000000 -0.088747 0.989363 -0.115256 13.063300 -0.170543 0.098911 0.980373 0.000000 0.000000 0.000000 0.000000 1.000000
0.977127 0.114321 0.179316 0.000000 -0.097777 0.990316 -0.098559 13.063300 -0.188847 0.078771 0.978842 0.000000 0.000000 0.000000 0.000000 1.000000
0.975996 0.119053 0.182366 0.000000 -0.102993 0.990119 -0.095171 13.063300 -0.191895 0.074104 0.978614 0.000000 0.000000 0.000000 0.000000 1.000000
0.974798 0.125425 0.184493 0.000000 -0.108344 0.989075 -0.099957 13.063300 -0.195014 0.077449 0.977738 0.000000 0.000000 0.000000 0.000000 1.000000
0.974974 0.131722 0.179096 0.000000 -0.113156 0.987443 -0.110239 13.063300 -0.191368 0.087215 0.977636 0.000000 0.000000 0.000000 0.000000 1.000000
0.976886 0.136187 0.164760 0.000000 -0.116018 0.985168 -0.126430 13.063300 -0.179535 0.104392 0.978197 -0.000000 0.000000 0.000000 0.000000 1.000000
0.978844 0.132390 0.156007 -0.000000 -0.109676 0.983160 -0.146180 13.063300 -0.172732 0.125977 0.976879 0.000000 0.000000 0.000000 0.000000 1.000000
0.981550 0.122525 0.146793 0.000000 -0.098188 0.981745 -0.162899 13.063300 -0.164072 0.145480 0.975662 -0.000000 0.000000 0.000000 0.000000 1.000000
0.984561 0.111127 0.135243 0.000000 -0.086723 0.980816 -0.174583 13.063300 -0.152050 0.160159 0.975310 0.000000 0.000000 0.000000 0.000000 1.000000
0.987771 0.103667 0.116456 -0.000000 -0.080369 0.978597 -0.189443 13.063300 -0.133603 0.177767 0.974961 0.000000 0.000000 0.000000 0.000000 1.000000
0.991816 0.096160 0.083995 -0.000000 -0.077387 0.975997 -0.203569 13.063300 -0.101554 0.195403 0.975451 0.000000 0.000000 0.000000 0.000000 1.000000
0.995031 0.085466 0.051073 -0.000000 -0.072734 0.974273 -0.213310 13.063300 -0.067990 0.208536 0.975649 0.000000 0.000000 0.000000 0.000000 1.000000
0.997135 0.072237 0.022445 0.000000 -0.065431 0.972562 -0.223251 13.063300 -0.037956 0.221143 0.974503 -0.000000 0.000000 0.000000 0.000000 1.000000
0.999087 0.042573 0.003484 0.000000 -0.040709 0.973697 -0.224181 13.063300 -0.012937 0.223835 0.974541 0.000000 0.000000 0.000000 0.000000 1.000000
0.999759 0.019269 -0.010541 -0.000000 -0.021149 0.974031 -0.225425 13.063300 0.005924 0.225593 0.974204 -0.000000 0.000000 0.000000 0.000000 1.000000
0.999838 0.011706 -0.013696 0.000000 -0.014529 0.973390 -0.228692 13.063300 0.010655 0.228854 0.973403 0.000000 0.000000 0.000000 0.000000 1.000000
0.999755 0.014320 -0.016887 -0.000000 -0.017812 0.973191 -0.229306 13.063300 0.013150 0.229551 0.973208 0.000000 0.000000 0.000000 0.000000 1.000000
0.999812 0.012365 -0.014904 -0.000000 -0.015510 0.972116 -0.233987 13.063300 0.011595 0.234174 0.972126 0.000000 0.000000 0.000000 0.000000 1.000000
0.999830 0.004563 -0.017843 0.000000 -0.008666 0.971428 -0.237176 13.063300 0.016251 0.237290 0.971303 0.000000 0.000000 0.000000 0.000000 1.000000
0.999784 -0.009118 -0.018679 0.000000 0.004407 0.971200 -0.238226 13.063300 0.020313 0.238092 0.971030 0.000000 0.000000 0.000000 0.000000 1.000000
0.999604 -0.021401 -0.018252 -0.000000 0.016274 0.969312 -0.245295 13.063300 0.022942 0.244901 0.969277 0.000000 0.000000 0.000000 0.000000 1.000000
0.999647 -0.023931 -0.011521 0.000000 0.020236 0.967212 -0.253163 13.063300 0.017202 0.252840 0.967355 0.000000 0.000000 0.000000 0.000000 1.000000
0.999841 -0.016574 0.006588 -0.000000 0.017718 0.965378 -0.260254 13.063300 -0.002046 0.260329 0.965518 0.000000 0.000000 0.000000 0.000000 1.000000</float_array>
        <technique_common>
          <accessor source="#mixamorig_Spine1-Matrix-animation-output-transform-array" count="34" stride="16">
            <param type="float4x4"/>
          </accessor>
        </technique_common>
      </source>
      <source id="mixamorig_Spine1-Interpolations">
        <Name_array id="mixamorig_Spine1-Interpolations-array" count="34">
 LINEAR LINEAR LINEAR LINEAR LINEAR LINEAR LINEAR LINEAR LINEAR LINEAR LINEAR
LINEAR LINEAR LINEAR LINEAR LINEAR LINEAR LINEAR LINEAR LINEAR LINEAR LINEAR LINEAR
LINEAR LINEAR LINEAR LINEAR LINEAR LINEAR LINEAR LINEAR LINEAR LINEAR LINEAR</Name_array>
        <technique_common>
          <accessor source="#mixamorig_Spine1-Interpolations-array" count="34">
            <param type="name"/>
          </accessor>
        </technique_common>
      </source>
      <sampler id="mixamorig_Spine1-Matrix-animation-transform">
        <input semantic="INPUT" source="#mixamorig_Spine1-Matrix-animation-input"/>
        <input semantic="OUTPUT" source="#mixamorig_Spine1-Matrix-animation-output-transform"/>
        <input semantic="INTERPOLATION" source="#mixamorig_Spine1-Interpolations"/>
      </sampler>
      <channel source="#mixamorig_Spine1-Matrix-animation-transform" target="mixamorig_Spine1/matrix"/>
    </animation>
    <animation id="mixamorig_Spine2-anim" name="mixamorig_Spine2">
      <source id="mixamorig_Spine2-Matrix-animation-input">
        <float_array id="mixamorig_Spine2-Matrix-animation-input-array" count="34">

0.000000 0.033333 0.066667 0.100000 0.133333 0.166667 0.200000 0.233333 0.266667 0.300000 0.333333 0.366667 0.400000 0.433333 0.466667 0.500000
0.533333 0.566667 0.600000 0.633333 0.666667 0.700000 0.733333 0.766667 0.800000 0.833333 0.866667 0.900000 0.933333 0.966667 1.000000 1.033333
1.066667 1.100000</float_array>
        <technique_common>
          <accessor source="#mixamorig_Spine2-Matrix-animation-input-array" count="34">
            <param name="TIME" type="float"/>
          </accessor>
        </technique_common>
      </source>
      <source id="mixamorig_Spine2-Matrix-animation-output-transform">
        <float_array id="mixamorig_Spine2-Matrix-animation-output-transform-array" count="544">

0.999876 -0.014630 0.005796 -0.000000 0.015676 0.958047 -0.286183 13.020500 -0.001366 0.286238 0.958157 0.000000 0.000000 0.000000 0.000000 1.000000
0.999512 -0.021532 -0.022649 -0.000000 0.014319 0.959752 -0.280485 13.020500 0.027777 0.280024 0.959591 0.000000 0.000000 0.000000 0.000000 1.000000
0.998641 -0.019272 -0.048424 0.000000 0.005073 0.960654 -0.277701 13.020500 0.051870 0.277077 0.959446 0.000000 0.000000 0.000000 0.000000 1.000000
0.997646 -0.003819 -0.068467 -0.000000 -0.015114 0.961649 -0.273865 13.020500 0.066887 0.274255 0.959328 0.000000 0.000000 0.000000 0.000000 1.000000
0.996764 0.015596 -0.078861 0.000000 -0.036558 0.961631 -0.271901 13.020500 0.071595 0.273904 0.959089 0.000000 0.000000 0.000000 0.000000 1.000000
0.996534 0.038011 -0.073989 0.000000 -0.057388 0.958067 -0.280739 13.020500 0.060216 0.284013 0.956928 0.000000 0.000000 0.000000 0.000000 1.000000
0.997715 0.053683 -0.041025 0.000000 -0.063425 0.953435 -0.294853 13.020500 0.023286 0.296781 0.954662 0.000000 0.000000 0.000000 0.000000 1.000000
0.997008 0.076188 0.013042 0.000000 -0.068478 0.948868 -0.308155 13.020500 -0.035853 0.306340 0.951247 0.000000 0.000000 0.000000 0.000000 1.000000
0.993358 0.092390 0.068579 0.000000 -0.067404 0.950308 -0.303928 13.020500 -0.093251 0.297287 0.950224 0.000000 0.000000 0.000000 0.000000 1.000000
0.992364 0.097351 0.075742 0.000000 -0.071325 0.953892 -0.291553 13.020500 -0.100632 0.283924 0.953551 0.000000 0.000000 0.000000 0.000000 1.000000
0.989083 0.104423 0.103976 0.000000 -0.071846 0.957762 -0.278444 13.020500 -0.128660 0.267934 0.954808 -0.000000 0.000000 0.000000 0.000000 1.000000
0.981124 0.119345 0.152160 -0.000000 -0.076570 0.962287 -0.261037 13.020500 -0.177575 0.244459 0.953261 0.000000 0.000000 0.000000 0.000000 1.000000
0.976926 0.128404 0.170668 -0.000000 -0.083023 0.964560 -0.250461 13.020500 -0.196780 0.230513 0.952965 0.000000 0.000000 0.000000 0.000000 1.000000
0.975800 0.133397 0.173264 -0.000000 -0.087593 0.964473 -0.249239 13.020500 -0.200356 0.228030 0.952817 -0.000000 0.000000 0.000000 0.000000 1.000000
0.974584 0.139871 0.174994 0.000000 -0.092804 0.963032 -0.252898 13.020500 -0.203898 0.230230 0.951535 0.000000 0.000000 0.000000 0.000000 1.000000
0.974724 0.145700 0.169366 -0.000000 -0.098348 0.960508 -0.260291 13.020500 -0.200602 0.237056 0.950560 0.000000 0.000000 0.000000 0.000000 1.000000
0.976581 0.149109 0.155097 0.000000 -0.102883 0.956775 -0.272023 13.020500 -0.188954 0.249696 0.949710 0.000000 0.000000 0.000000 0.000000 1.000000
0.978497 0.144638 0.147047 -0.000000 -0.097951 0.953258 -0.285840 13.020500 -0.181517 0.265291 0.946928 0.000000 0.000000 0.000000 0.000000 1.000000
0.981185 0.134071 0.138931 -0.000000 -0.088121 0.951234 -0.295615 13.020500 -0.171789 0.277811 0.945151 0.000000 0.000000 0.000000 0.000000 1.000000
0.984191 0.121847 0.128535 0.000000 -0.078589 0.950824 -0.299597 13.020500 -0.158720 0.284759 0.945368 -0.000000 0.000000 0.000000 0.000000 1.000000
0.987371 0.113314 0.110715 -0.000000 -0.074618 0.949118 -0.305952 13.020500 -0.139750 0.293827 0.945588 0.000000 0.000000 0.000000 0.000000 1.000000
0.991361 0.104537 0.079215 0.000000 -0.075042 0.947403 -0.311121 13.020500 -0.107573 0.302489 0.947063 -0.000000 0.000000 0.000000 0.000000 1.000000
0.994547 0.092958 0.047282 0.000000 -0.073732 0.947345 -0.311611 13.020500 -0.073759 0.306426 0.949033 0.000000 0.000000 0.000000 0.000000 1.000000
0.996661 0.079272 0.019560 0.000000 -0.069241 0.947541 -0.312045 13.020500 -0.043271 0.309649 0.949866 -0.000000 0.000000 0.000000 0.000000 1.000000
0.998776 0.049439 0.001268 0.000000 -0.046720 0.951629 -0.303675 13.020500 -0.016220 0.303245 0.952775 -0.000000 0.000000 0.000000 0.000000 1.000000
0.999583 0.026040 -0.012472 0.000000 -0.028564 0.954841 -0.295740 13.020500 0.004208 0.295973 0.955187 -0.000000 0.000000 0.000000 0.000000 1.000000
0.999717 0.018187 -0.015319 -0.000000 -0.021851 0.956734 -0.290144 13.020500 0.009380 0.290397 0.956860 0.000000 0.000000 0.000000 0.000000 1.000000
0.999631 0.020407 -0.017943 -0.000000 -0.024647 0.958952 -0.282497 13.020500 0.011441 0.282835 0.959100 0.000000 0.000000 0.000000 0.000000 1.000000
0.999721 0.017795 -0.015517 0.000000 -0.021426 0.959867 -0.279636 13.020500 0.009918 0.279890 0.959981 0.000000 0.000000 0.000000 0.000000 1.000000
0.999787 0.009506 -0.018325 0.000000 -0.014200 0.960981 -0.276248 13.020500 0.014984 0.276450 0.960912 -0.000000 0.000000 0.000000 0.000000 1.000000
0.999799 -0.004703 -0.019481 0.000000 -0.000771 0.962330 -0.271883 13.020500 0.020026 0.271843 0.962133 -0.000000 0.000000 0.000000 0.000000 1.000000
0.999657 -0.017482 -0.019490 0.000000 0.011456 0.961431 -0.274807 13.020500 0.023542 0.274490 0.961302 0.000000 0.000000 0.000000 0.000000 1.000000
0.999703 -0.020743 -0.012777 -0.000000 0.016337 0.959849 -0.280040 13.020500 0.018073 0.279748 0.959903 -0.000000 0.000000 0.000000 0.000000 1.000000
0.999876 -0.014630 0.005796 0.000000 0.015676 0.958047 -0.286183 13.020500 -0.001366 0.286239 0.958157 0.000000 0.000000 0.000000 0.000000 1.000000</float_array>
        <technique_common>
          <accessor source="#mixamorig_Spine2-Matrix-animation-output-transform-array" count="34" stride="16">
            <param type="float4x4"/>
          </accessor>
        </technique_common>
      </source>
      <source id="mixamorig_Spine2-Interpolations">
        <Name_array id="mixamorig_Spine2-Interpolations-array" count="34">
 LINEAR LINEAR LINEAR LINEAR LINEAR LINEAR LINEAR LINEAR LINEAR LINEAR LINEAR
LINEAR LINEAR LINEAR LINEAR LINEAR LINEAR LINEAR LINEAR LINEAR LINEAR LINEAR LINEAR
LINEAR LINEAR LINEAR LINEAR LINEAR LINEAR LINEAR LINEAR LINEAR LINEAR LINEAR</Name_array>
        <technique_common>
          <accessor source="#mixamorig_Spine2-Interpolations-array" count="34">
            <param type="name"/>
          </accessor>
        </technique_common>
      </source>
      <sampler id="mixamorig_Spine2-Matrix-animation-transform">
        <input semantic="INPUT" source="#mixamorig_Spine2-Matrix-animation-input"/>
        <input semantic="OUTPUT" source="#mixamorig_Spine2-Matrix-animation-output-transform"/>
        <input semantic="INTERPOLATION" source="#mixamorig_Spine2-Interpolations"/>
      </sampler>
      <channel source="#mixamorig_Spine2-Matrix-animation-transform" target="mixamorig_Spine2/matrix"/>
    </animation>
    <animation id="mixamorig_Neck-anim" name="mixamorig_Neck">
      <source id="mixamorig_Neck-Matrix-animation-input">
        <float_array id="mixamorig_Neck-Matrix-animation-input-array" count="34">

0.000000 0.033333 0.066667 0.100000 0.133333 0.166667 0.200000 0.233333 0.266667 0.300000 0.333333 0.366667 0.400000 0.433333 0.466667 0.500000
0.533333 0.566667 0.600000 0.633333 0.666667 0.700000 0.733333 0.766667 0.800000 0.833333 0.866667 0.900000 0.933333 0.966667 1.000000 1.033333
1.066667 1.100000</float_array>
        <technique_common>
          <accessor source="#mixamorig_Neck-Matrix-animation-input-array" count="34">
            <param name="TIME" type="float"/>
          </accessor>
        </technique_common>
      </source>
      <source id="mixamorig_Neck-Matrix-animation-output-transform">
        <float_array id="mixamorig_Neck-Matrix-animation-output-transform-array" count="544">

0.999870 -0.002222 -0.015976 -0.011900 0.001389 0.998646 -0.052008 24.670700 0.016070 0.051979 0.998519 2.028100 0.000000 0.000000 0.000000 1.000000
0.999476 0.032337 -0.001368 -0.011900 -0.032357 0.999300 -0.018791 24.670700 0.000760 0.018825 0.999823 2.028100 0.000000 0.000000 0.000000 1.000000
0.993326 0.115051 0.008166 -0.011900 -0.115047 0.993360 -0.000929 24.670700 -0.008219 -0.000017 0.999966 2.028100 0.000000 0.000000 0.000000 1.000000
0.983157 0.182762 0.000782 -0.011900 -0.182555 0.981826 0.051886 24.670700 0.008715 -0.051155 0.998653 2.028100 0.000000 0.000000 0.000000 1.000000
0.975157 0.218345 -0.037343 -0.011900 -0.215088 0.973624 0.076113 24.670700 0.052976 -0.066190 0.996400 2.028100 0.000000 0.000000 0.000000 1.000000
0.980399 0.173274 -0.093772 -0.011900 -0.171486 0.984820 0.026866 24.670700 0.097003 -0.010259 0.995231 2.028100 0.000000 0.000000 0.000000 1.000000
0.970425 0.170034 -0.171356 -0.011900 -0.193177 0.972668 -0.128837 24.670700 0.144766 0.158129 0.976749 2.028100 0.000000 0.000000 0.000000 1.000000
0.955110 0.167695 -0.244218 -0.011900 -0.236411 0.928241 -0.287190 24.670700 0.178533 0.332034 0.926218 2.028100 0.000000 0.000000 0.000000 1.000000
0.936554 0.221344 -0.271797 -0.011900 -0.314181 0.873906 -0.370917 24.670700 0.155424 0.432777 0.888002 2.028100 0.000000 0.000000 0.000000 1.000000
0.938455 0.218203 -0.267750 -0.011900 -0.310994 0.871077 -0.380142 24.670700 0.150283 0.440015 0.885326 2.028100 0.000000 0.000000 0.000000 1.000000
0.951980 0.010978 -0.305963 -0.011900 -0.128135 0.921909 -0.365603 24.670700 0.278057 0.387251 0.879046 2.028100 0.000000 0.000000 0.000000 1.000000
0.889864 -0.220818 -0.399227 -0.011900 0.117792 0.956595 -0.266553 24.670700 0.440758 0.190170 0.877250 2.028100 0.000000 0.000000 0.000000 1.000000
0.827489 -0.282834 -0.485043 -0.011900 0.251323 0.959068 -0.130483 24.670700 0.502094 -0.013930 0.864701 2.028100 0.000000 0.000000 0.000000 1.000000
0.823514 -0.268898 -0.499517 -0.011900 0.254844 0.962030 -0.097735 24.670700 0.506832 -0.046813 0.860773 2.028100 0.000000 0.000000 0.000000 1.000000
0.834871 -0.238539 -0.496074 -0.011900 0.215018 0.970947 -0.105016 24.670700 0.506712 -0.018990 0.861906 2.028100 0.000000 0.000000 0.000000 1.000000
0.842495 -0.215039 -0.493924 -0.011900 0.191228 0.976543 -0.098976 24.670700 0.503621 -0.011066 0.863854 2.028100 0.000000 0.000000 0.000000 1.000000
0.844720 -0.214477 -0.490355 -0.011900 0.195783 0.976522 -0.089854 24.670700 0.498114 -0.020102 0.866879 2.028100 0.000000 0.000000 0.000000 1.000000
0.845535 -0.222438 -0.485377 -0.011900 0.213842 0.974070 -0.073879 24.670700 0.489225 -0.041327 0.871178 2.028100 0.000000 0.000000 0.000000 1.000000
0.845535 -0.243389 -0.475217 -0.011900 0.247655 0.967299 -0.054772 24.670700 0.473008 -0.071379 0.878162 2.028100 0.000000 0.000000 0.000000 1.000000
0.847976 -0.270679 -0.455708 -0.011900 0.283985 0.957970 -0.040576 24.670700 0.447538 -0.095007 0.889204 2.028100 0.000000 0.000000 0.000000 1.000000
0.863612 -0.284009 -0.416549 -0.011900 0.301076 0.953253 -0.025735 24.670700 0.404385 -0.103188 0.908749 2.028100 0.000000 0.000000 0.000000 1.000000
0.899237 -0.255675 -0.354968 -0.011900 0.274334 0.961632 0.002328 24.670700 0.340753 -0.099474 0.934875 2.028100 0.000000 0.000000 0.000000 1.000000
0.933269 -0.228705 -0.276952 -0.011900 0.236805 0.971548 -0.004315 24.670700 0.270059 -0.061556 0.960874 2.028100 0.000000 0.000000 0.000000 1.000000
0.951018 -0.233819 -0.202221 -0.011900 0.234597 0.971877 -0.020463 24.670700 0.201319 -0.027979 0.979126 2.028100 0.000000 0.000000 0.000000 1.000000
0.985300 -0.125340 -0.116077 -0.011900 0.119054 0.991096 -0.059620 24.670700 0.122516 0.044925 0.991449 2.028100 0.000000 0.000000 0.000000 1.000000
0.998906 -0.020264 -0.042153 -0.011900 0.016804 0.996582 -0.080884 24.670700 0.043648 0.080088 0.995832 2.028100 0.000000 0.000000 0.000000 1.000000
0.999335 0.035551 0.008094 -0.011900 -0.035102 0.998130 -0.050034 24.670700 -0.009858 0.049717 0.998715 2.028100 0.000000 0.000000 0.000000 1.000000
0.998578 0.035165 0.040057 -0.011900 -0.034406 0.999218 -0.019483 24.670700 -0.040711 0.018077 0.999007 2.028100 0.000000 0.000000 0.000000 1.000000
0.997335 0.054286 0.048747 -0.011900 -0.053015 0.998229 -0.026998 24.670700 -0.050126 0.024342 0.998446 2.028100 0.000000 0.000000 0.000000 1.000000
0.997685 0.050731 0.045284 -0.011900 -0.048511 0.997627 -0.048860 24.670700 -0.047656 0.046550 0.997779 2.028100 0.000000 0.000000 0.000000 1.000000
0.999007 0.026628 0.035732 -0.011900 -0.023980 0.997073 -0.072593 24.670700 -0.037560 0.071664 0.996721 2.028100 0.000000 0.000000 0.000000 1.000000
0.999356 0.019583 0.030056 -0.011900 -0.017668 0.997876 -0.062700 24.670700 -0.031220 0.062128 0.997580 2.028100 0.000000 0.000000 0.000000 1.000000
0.999502 0.027005 0.016312 -0.011900 -0.026038 0.998043 -0.056861 24.670700 -0.017816 0.056408 0.998249 2.028100 0.000000 0.000000 0.000000 1.000000
0.999870 -0.002222 -0.015976 -0.011900 0.001389 0.998646 -0.052008 24.670700 0.016070 0.051979 0.998519 2.028100 0.000000 0.000000 0.000000 1.000000</float_array>
        <technique_common>
          <accessor source="#mixamorig_Neck-Matrix-animation-output-transform-array" count="34" stride="16">
            <param type="float4x4"/>
          </accessor>
        </technique_common>
      </source>
      <source id="mixamorig_Neck-Interpolations">
        <Name_array id="mixamorig_Neck-Interpolations-array" count="34">
 LINEAR LINEAR LINEAR LINEAR LINEAR LINEAR LINEAR LINEAR LINEAR LINEAR LINEAR
LINEAR LINEAR LINEAR LINEAR LINEAR LINEAR LINEAR LINEAR LINEAR LINEAR LINEAR LINEAR
LINEAR LINEAR LINEAR LINEAR LINEAR LINEAR LINEAR LINEAR LINEAR LINEAR LINEAR</Name_array>
        <technique_common>
          <accessor source="#mixamorig_Neck-Interpolations-array" count="34">
            <param type="name"/>
          </accessor>
        </technique_common>
      </source>
      <sampler id="mixamorig_Neck-Matrix-animation-transform">
        <input semantic="INPUT" source="#mixamorig_Neck-Matrix-animation-input"/>
        <input semantic="OUTPUT" source="#mixamorig_Neck-Matrix-animation-output-transform"/>
        <input semantic="INTERPOLATION" source="#mixamorig_Neck-Interpolations"/>
      </sampler>
      <channel source="#mixamorig_Neck-Matrix-animation-transform" target="mixamorig_Neck/matrix"/>
    </animation>
    <animation id="mixamorig_Head-anim" name="mixamorig_Head">
      <source id="mixamorig_Head-Matrix-animation-input">
        <float_array id="mixamorig_Head-Matrix-animation-input-array" count="34">

0.000000 0.033333 0.066667 0.100000 0.133333 0.166667 0.200000 0.233333 0.266667 0.300000 0.333333 0.366667 0.400000 0.433333 0.466667 0.500000
0.533333 0.566667 0.600000 0.633333 0.666667 0.700000 0.733333 0.766667 0.800000 0.833333 0.866667 0.900000 0.933333 0.966667 1.000000 1.033333
1.066667 1.100000</float_array>
        <technique_common>
          <accessor source="#mixamorig_Head-Matrix-animation-input-array" count="34">
            <param name="TIME" type="float"/>
          </accessor>
        </technique_common>
      </source>
      <source id="mixamorig_Head-Matrix-animation-output-transform">
        <float_array id="mixamorig_Head-Matrix-animation-output-transform-array" count="544">

0.998271 0.025294 0.053059 0.000000 -0.043165 0.928172 0.369639 8.817300 -0.039898 -0.371290 0.927659 6.102600 0.000000 0.000000 0.000000 1.000000
0.997168 0.021807 0.071981 0.000000 -0.048993 0.914473 0.401669 8.817300 -0.057065 -0.404058 0.912952 6.102600 0.000000 0.000000 0.000000 1.000000
0.997814 -0.007966 0.065604 -0.000000 -0.020285 0.907871 0.418759 8.817300 -0.062896 -0.419175 0.905724 6.102600 0.000000 0.000000 0.000000 1.000000
0.998102 -0.052873 0.031576 0.000000 0.035865 0.915863 0.399887 8.817300 -0.050062 -0.397995 0.916021 6.102600 0.000000 0.000000 0.000000 1.000000
0.990203 -0.132113 -0.045209 0.000000 0.139454 0.919199 0.368275 8.817300 -0.007097 -0.370972 0.928617 6.102600 0.000000 0.000000 0.000000 1.000000
0.973062 -0.209828 -0.095514 0.000000 0.229945 0.913181 0.336490 8.817300 0.016616 -0.349389 0.936830 6.102600 0.000000 0.000000 0.000000 1.000000
0.921486 -0.342842 -0.182548 0.000000 0.386106 0.859686 0.334459 8.817300 0.042267 -0.378682 0.924561 6.102600 0.000000 0.000000 0.000000 1.000000
0.807030 -0.509319 -0.298826 -0.000000 0.588961 0.730879 0.344878 8.817300 0.042753 -0.454324 0.889810 6.102600 0.000000 0.000000 0.000000 1.000000
0.676934 -0.644785 -0.354982 -0.000000 0.734861 0.619373 0.276325 8.817300 0.041696 -0.447916 0.893103 6.102600 0.000000 0.000000 0.000000 1.000000
0.710760 -0.653737 -0.259708 -0.000000 0.703368 0.655402 0.275174 8.817300 -0.009679 -0.378253 0.925652 6.102600 0.000000 0.000000 0.000000 1.000000
0.859443 -0.487531 -0.153856 0.000000 0.510792 0.806410 0.297984 8.817300 -0.021205 -0.334688 0.942090 6.102600 0.000000 0.000000 0.000000 1.000000
0.949838 -0.289003 -0.119522 -0.000000 0.308403 0.929000 0.204565 8.817300 0.051916 -0.231164 0.971529 6.102600 0.000000 0.000000 0.000000 1.000000
0.968659 -0.210207 -0.132334 -0.000000 0.220424 0.973043 0.067828 8.817300 0.114508 -0.094871 0.988882 6.102600 0.000000 0.000000 0.000000 1.000000
0.958599 -0.241284 -0.151226 0.000000 0.248764 0.968023 0.032377 8.817300 0.138578 -0.068656 0.987969 6.102600 0.000000 0.000000 0.000000 1.000000
0.949353 -0.270994 -0.159031 0.000000 0.277221 0.960639 0.017941 8.817300 0.147910 -0.061119 0.987111 6.102600 0.000000 0.000000 0.000000 1.000000
