<?xml version="1.0" encoding="utf-8"?>
<COLLADA xmlns="http://www.collada.org/2005/11/COLLADASchema" version="1.4.1">
  <asset>
    <contributor>
      <author>Mixamo</author>
      <authoring_tool>COLLADA Mixamo exporter</authoring_tool>
      <comments/>
    </contributor>
    <created>2023-09-07T14:42:19Z</created>
    <modified>2023-09-07T14:42:19Z</modified>
    <revision/>
    <title/>
    <unit meter="0.010000"/>
    <up_axis>Y_UP</up_axis>
  </asset>
  <library_animations>
    <animation id="mixamorig_Hips-anim" name="mixamorig_Hips">
      <source id="mixamorig_Hips-Matrix-animation-input">
        <float_array id="mixamorig_Hips-Matrix-animation-input-array" count="139">

0.000000 0.033333 0.066667 0.100000 0.133333 0.166667 0.200000 0.233333 0.266667 0.300000 0.333333 0.366667 0.400000 0.433333 0.466667 0.500000
0.533333 0.566667 0.600000 0.633333 0.666667 0.700000 0.733333 0.766667 0.800000 0.833333 0.866667 0.900000 0.933333 0.966667 1.000000 1.033333
1.066667 1.100000 1.133333 1.166667 1.200000 1.233333 1.266667 1.300000 1.333333 1.366667 1.400000 1.433333 1.466667 1.500000 1.533333 1.566667
1.600000 1.633333 1.666667 1.700000 1.733333 1.766667 1.800000 1.833333 1.866667 1.900000 1.933333 1.966667 2.000000 2.033333 2.066667 2.100000
2.133333 2.166667 2.200000 2.233333 2.266667 2.300000 2.333333 2.366667 2.400000 2.433333 2.466667 2.500000 2.533333 2.566667 2.600000 2.633333
2.666667 2.700000 2.733333 2.766667 2.800000 2.833333 2.866667 2.900000 2.933333 2.966667 3.000000 3.033333 3.066667 3.100000 3.133333 3.166667
3.200000 3.233333 3.266667 3.300000 3.333333 3.366667 3.400000 3.433333 3.466667 3.500000 3.533333 3.566667 3.600000 3.633333 3.666667 3.700000
3.733333 3.766667 3.800000 3.833333 3.866667 3.900000 3.933333 3.966667 4.000000 4.033333 4.066667 4.100000 4.133333 4.166667 4.200000 4.233333
4.266667 4.300000 4.333333 4.366667 4.400000 4.433333 4.466667 4.500000 4.533333 4.566667 4.600000</float_array>
        <technique_common>
          <accessor source="#mixamorig_Hips-Matrix-animation-input-array" count="139">
            <param name="TIME" type="float"/>
          </accessor>
        </technique_common>
      </source>
      <source id="mixamorig_Hips-Matrix-animation-output-transform">
        <float_array id="mixamorig_Hips-Matrix-animation-output-transform-array" count="2224">

0.999759 0.018898 0.011216 -0.000020 -0.018948 0.999811 0.004403 80.532974 -0.011130 -0.004615 0.999927 0.000016 0.000000 0.000000 0.000000 1.000000
0.999750 0.019231 0.011386 0.005728 -0.019280 0.999805 0.004225 80.529739 -0.011303 -0.004443 0.999926 0.015714 0.000000 0.000000 0.000000 1.000000
0.999735 0.019614 0.012070 0.010196 -0.019661 0.999799 0.003820 80.528572 -0.011993 -0.004056 0.999920 0.030658 0.000000 0.000000 0.000000 1.000000
0.999721 0.020048 0.012476 0.011412 -0.020091 0.999792 0.003374 80.530411 -0.012406 -0.003624 0.999916 0.045411 0.000000 0.000000 0.000000 1.000000
0.999705 0.020356 0.013237 0.012998 -0.020397 0.999787 0.002995 80.536270 -0.013173 -0.003264 0.999908 0.059639 0.000000 0.000000 0.000000 1.000000
0.999690 0.020837 0.013663 0.011590 -0.020878 0.999778 0.002829 80.544235 -0.013601 -0.003113 0.999903 0.071667 0.000000 0.000000 0.000000 1.000000
0.999676 0.021124 0.014190 0.013258 -0.021166 0.999772 0.002837 80.557297 -0.014127 -0.003136 0.999895 0.075198 0.000000 0.000000 0.000000 1.000000
0.999672 0.021435 0.014034 0.019158 -0.021483 0.999764 0.003277 80.574188 -0.013961 -0.003578 0.999896 0.076354 0.000000 0.000000 0.000000 1.000000
0.999682 0.021543 0.013105 0.028417 -0.021596 0.999759 0.003949 80.594154 -0.013016 -0.004231 0.999906 0.072164 0.000000 0.000000 0.000000 1.000000
0.999703 0.021641 0.011203 0.042648 -0.021692 0.999755 0.004464 80.615845 -0.011103 -0.004706 0.999927 0.059126 0.000000 0.000000 0.000000 1.000000
0.999731 0.021611 0.008464 0.064372 -0.021659 0.999749 0.005679 80.636795 -0.008339 -0.005861 0.999948 0.033850 0.000000 0.000000 0.000000 1.000000
0.999771 0.020925 0.004455 0.095096 -0.020955 0.999757 0.006851 80.648827 -0.004310 -0.006943 0.999967 -0.017665 0.000000 0.000000 0.000000 1.000000
0.999778 0.021021 0.001641 0.126734 -0.021033 0.999749 0.007685 80.649277 -0.001479 -0.007717 0.999969 -0.088571 0.000000 0.000000 0.000000 1.000000
0.999760 0.021918 -0.000642 0.164554 -0.021912 0.999724 0.008504 80.645210 0.000829 -0.008488 0.999964 -0.203369 0.000000 0.000000 0.000000 1.000000
0.999733 0.023071 -0.001611 0.195657 -0.023056 0.999696 0.008746 80.639877 0.001812 -0.008706 0.999960 -0.384499 0.000000 0.000000 0.000000 1.000000
0.999709 0.024022 -0.002218 0.235376 -0.024000 0.999667 0.009458 80.661133 0.002444 -0.009402 0.999953 -0.673809 0.000000 0.000000 0.000000 1.000000
0.999623 0.027417 -0.001343 0.259644 -0.027404 0.999586 0.008711 80.713982 0.001582 -0.008671 0.999961 -0.716497 0.000000 0.000000 0.000000 1.000000
0.999643 0.026696 -0.000540 0.306090 -0.026691 0.999615 0.007625 80.703293 0.000743 -0.007608 0.999971 -0.670997 0.000000 0.000000 0.000000 1.000000
0.999506 0.028129 0.013998 0.236002 -0.028146 0.999603 0.000976 80.315369 -0.013965 -0.001370 0.999902 -0.519945 0.000000 0.000000 0.000000 1.000000
0.998915 0.032167 0.033664 0.089466 -0.032176 0.999482 -0.000268 79.490334 -0.033655 -0.000815 0.999433 -0.325351 0.000000 0.000000 0.000000 1.000000
0.998166 0.033245 0.050581 -0.056647 -0.033270 0.999446 -0.000361 78.308380 -0.050565 -0.001323 0.998720 -0.072645 0.000000 0.000000 0.000000 1.000000
0.997579 0.034733 0.060256 -0.176880 -0.034673 0.999397 -0.002045 77.280823 -0.060290 -0.000049 0.998181 0.211994 0.000000 0.000000 0.000000 1.000000
0.995267 0.037748 0.089550 -0.301508 -0.037385 0.999285 -0.005730 76.418022 -0.089702 0.002355 0.995966 0.504889 0.000000 0.000000 0.000000 1.000000
0.993618 0.029124 0.108972 -0.482931 -0.028476 0.999566 -0.007499 75.252716 -0.109143 0.004348 0.994017 0.779495 0.000000 0.000000 0.000000 1.000000
0.994238 0.019117 0.105480 -0.607132 -0.018518 0.999806 -0.006652 74.154884 -0.105587 0.004661 0.994399 1.035888 0.000000 0.000000 0.000000 1.000000
0.995093 0.018065 0.097284 -0.655338 -0.017722 0.999833 -0.004385 73.282089 -0.097347 0.002639 0.995247 1.260068 0.000000 0.000000 0.000000 1.000000
0.996023 0.017015 0.087462 -0.692212 -0.017168 0.999852 0.001001 72.424011 -0.087432 -0.002499 0.996167 1.439757 0.000000 0.000000 0.000000 1.000000
0.997040 0.017155 0.074944 -0.721971 -0.017857 0.999803 0.008698 71.536171 -0.074780 -0.010011 0.997150 1.587238 0.000000 0.000000 0.000000 1.000000
0.996716 0.018661 0.078799 -0.748856 -0.020094 0.999646 0.017428 70.806541 -0.078446 -0.018954 0.996738 1.707423 0.000000 0.000000 0.000000 1.000000
0.996276 0.019665 0.083953 -0.787923 -0.022077 0.999367 0.027889 70.496910 -0.083351 -0.029639 0.996079 1.777997 0.000000 0.000000 0.000000 1.000000
0.996369 0.014150 0.083951 -0.878796 -0.017623 0.999013 0.040765 70.315063 -0.083291 -0.042096 0.995636 1.795222 0.000000 0.000000 0.000000 1.000000
0.995728 0.013926 0.091281 -0.930623 -0.018931 0.998351 0.054195 70.258270 -0.090376 -0.055691 0.994349 1.759854 0.000000 0.000000 0.000000 1.000000
0.995314 0.009854 0.096194 -1.023758 -0.016566 0.997463 0.069230 70.318008 -0.095268 -0.070499 0.992952 1.660433 0.000000 0.000000 0.000000 1.000000
0.994779 0.007919 0.101749 -1.099764 -0.016813 0.996079 0.086859 70.449966 -0.100662 -0.088116 0.991011 1.476446 0.000000 0.000000 0.000000 1.000000
0.994084 0.007493 0.108357 -1.162207 -0.019323 0.993905 0.108536 70.640663 -0.106883 -0.109988 0.988169 1.182036 0.000000 0.000000 0.000000 1.000000
0.993641 0.007942 0.112315 -1.213671 -0.022357 0.991564 0.127677 70.891174 -0.110354 -0.129376 0.985436 0.819662 0.000000 0.000000 0.000000 1.000000
0.993182 0.008387 0.116272 -1.258438 -0.025307 0.989134 0.144820 71.173851 -0.113794 -0.146775 0.982603 0.382339 0.000000 0.000000 0.000000 1.000000
0.993159 0.008677 0.116451 -1.309978 -0.027750 0.986206 0.163178 71.466637 -0.113429 -0.165293 0.979700 -0.158055 0.000000 0.000000 0.000000 1.000000
0.993004 0.008520 0.117771 -1.367505 -0.030463 0.982115 0.185799 71.755730 -0.114082 -0.188087 0.975504 -0.837079 0.000000 0.000000 0.000000 1.000000
0.992721 0.010003 0.120022 -1.412624 -0.034654 0.978124 0.205116 72.029678 -0.115344 -0.207782 0.971351 -1.607640 0.000000 0.000000 0.000000 1.000000
0.992477 0.008259 0.122154 -1.488765 -0.035352 0.974557 0.221335 72.284805 -0.117218 -0.223988 0.967517 -2.471504 0.000000 0.000000 0.000000 1.000000
0.992310 0.004498 0.123699 -1.576745 -0.034666 0.969447 0.242839 72.472755 -0.118827 -0.245260 0.962147 -3.506022 0.000000 0.000000 0.000000 1.000000
0.991963 -0.002301 0.126507 -1.690564 -0.031098 0.964733 0.261388 72.606911 -0.122647 -0.263221 0.956908 -4.648902 0.000000 0.000000 0.000000 1.000000
0.991105 -0.007653 0.132863 -1.793262 -0.030687 0.958299 0.284117 72.652214 -0.129497 -0.285667 0.949539 -5.979353 0.000000 0.000000 0.000000 1.000000
0.989948 -0.012655 0.140866 -1.888746 -0.031173 0.951972 0.304595 72.599731 -0.137955 -0.305925 0.942008 -7.439954 0.000000 0.000000 0.000000 1.000000
0.988684 -0.017014 0.149045 -1.978082 -0.032978 0.944591 0.326588 72.422058 -0.146343 -0.327807 0.933341 -9.075665 0.000000 0.000000 0.000000 1.000000
0.987192 -0.020981 0.158153 -2.068475 -0.036489 0.935345 0.351850 72.110466 -0.155309 -0.353115 0.922599 -10.911497 0.000000 0.000000 0.000000 1.000000
0.986030 -0.023651 0.164879 -2.157804 -0.041301 0.924241 0.379569 71.660088 -0.161365 -0.381076 0.910353 -12.950975 0.000000 0.000000 0.000000 1.000000
0.984332 -0.027404 0.174184 -2.262701 -0.045768 0.914283 0.402483 71.101631 -0.170283 -0.404149 0.898703 -15.233390 0.000000 0.000000 0.000000 1.000000
0.982715 -0.030643 0.182572 -2.363861 -0.051186 0.902782 0.427042 70.264160 -0.177908 -0.429006 0.885609 -17.946957 0.000000 0.000000 0.000000 1.000000
0.981952 -0.033760 0.186094 -2.466570 -0.055490 0.889213 0.454115 68.964020 -0.180808 -0.456246 0.871291 -21.046701 0.000000 0.000000 0.000000 1.000000
0.981188 -0.039774 0.188912 -2.584142 -0.058396 0.871558 0.486802 66.983337 -0.184010 -0.488676 0.852840 -24.496685 0.000000 0.000000 0.000000 1.000000
0.979354 -0.047508 0.196489 -2.716600 -0.063772 0.849751 0.523313 64.124359 -0.191829 -0.525040 0.829177 -28.223101 0.000000 0.000000 0.000000 1.000000
0.977328 -0.051287 0.205428 -2.822663 -0.074031 0.826209 0.558478 60.234108 -0.198369 -0.561024 0.803680 -32.124889 0.000000 0.000000 0.000000 1.000000
0.975997 -0.056047 0.210450 -2.945692 -0.083920 0.794912 0.600892 54.885544 -0.200967 -0.604130 0.771129 -36.207409 0.000000 0.000000 0.000000 1.000000
0.974738 -0.060228 0.215078 -3.082335 -0.096851 0.753738 0.649999 47.960266 -0.201261 -0.654409 0.728864 -40.412914 0.000000 0.000000 0.000000 1.000000
0.971942 -0.068009 0.225172 -3.247979 -0.111208 0.710679 0.694671 41.302006 -0.207269 -0.700221 0.683176 -44.572365 0.000000 0.000000 0.000000 1.000000
0.970143 -0.076702 0.230087 -3.419743 -0.124776 0.655659 0.744676 34.631401 -0.207977 -0.751151 0.626513 -48.718208 0.000000 0.000000 0.000000 1.000000
0.968133 -0.079419 0.237512 -3.536757 -0.144889 0.595932 0.789856 28.341276 -0.204271 -0.799098 0.565434 -52.703667 0.000000 0.000000 0.000000 1.000000
0.966576 -0.083948 0.242248 -3.665759 -0.160202 0.539939 0.826318 22.361862 -0.200167 -0.837507 0.508444 -56.410015 0.000000 0.000000 0.000000 1.000000
0.968679 -0.080069 0.235053 -3.695209 -0.169607 0.478036 0.861809 18.668102 -0.181368 -0.874683 0.449484 -59.893650 0.000000 0.000000 0.000000 1.000000
0.974422 -0.062110 0.215972 -3.656021 -0.171710 0.414209 0.893838 21.882366 -0.144974 -0.908060 0.392949 -63.478783 0.000000 0.000000 0.000000 1.000000
0.979357 -0.044259 0.197234 -3.644027 -0.170208 0.345769 0.922753 24.912750 -0.109038 -0.937275 0.331098 -67.277344 0.000000 0.000000 0.000000 1.000000
0.979820 -0.034059 0.196960 -3.905086 -0.184652 0.223039 0.957161 28.026669 -0.076529 -0.974214 0.212249 -70.694221 0.000000 0.000000 0.000000 1.000000
0.980162 -0.031279 0.195717 -4.017774 -0.194525 0.037482 0.980181 30.238358 -0.037995 -0.998808 0.030654 -72.761635 0.000000 0.000000 0.000000 1.000000
0.981329 -0.028328 0.190238 -4.037266 -0.191780 -0.068959 0.979012 32.248253 -0.014615 -0.997217 -0.073104 -74.155991 0.000000 0.000000 0.000000 1.000000
0.979264 -0.037291 0.199125 -4.128290 -0.202146 -0.115037 0.972576 33.880482 -0.013362 -0.992661 -0.120190 -75.736504 0.000000 0.000000 0.000000 1.000000
0.976855 -0.061872 0.204759 -4.504693 -0.213538 -0.226267 0.950371 33.597736 -0.012471 -0.972098 -0.234242 -78.022972 0.000000 0.000000 0.000000 1.000000
0.976192 -0.069357 0.205520 -4.624964 -0.216778 -0.344700 0.913339 31.805067 0.007497 -0.936147 -0.351529 -80.538010 0.000000 0.000000 0.000000 1.000000
0.975326 -0.074114 0.207959 -4.515996 -0.220463 -0.376710 0.899714 29.809288 0.011659 -0.923362 -0.383754 -82.879936 0.000000 0.000000 0.000000 1.000000
0.973974 -0.078260 0.212723 -4.547647 -0.226523 -0.368907 0.901440 27.494671 0.007928 -0.926166 -0.377033 -84.908844 0.000000 0.000000 0.000000 1.000000
0.970917 -0.079783 0.225730 -4.572586 -0.239280 -0.355063 0.903701 24.791853 0.008048 -0.931432 -0.363828 -86.325569 0.000000 0.000000 0.000000 1.000000
0.967590 -0.080911 0.239215 -4.635250 -0.252425 -0.336968 0.907047 21.881775 0.007217 -0.938033 -0.346471 -87.152954 0.000000 0.000000 0.000000 1.000000
0.964928 -0.079310 0.250246 -4.490916 -0.262442 -0.313640 0.912554 18.975998 0.006112 -0.946224 -0.323455 -87.597931 0.000000 0.000000 0.000000 1.000000
0.964213 -0.073657 0.254691 -4.195561 -0.265085 -0.285270 0.921060 15.856762 0.004813 -0.955613 -0.294586 -87.651237 0.000000 0.000000 0.000000 1.000000
0.964551 -0.069749 0.254512 -4.046274 -0.263896 -0.253597 0.930617 15.406807 -0.000366 -0.964792 -0.263014 -87.655365 0.000000 0.000000 0.000000 1.000000
0.965458 -0.066551 0.251916 -4.032525 -0.260376 -0.210254 0.942336 16.046276 -0.009747 -0.975379 -0.220320 -87.635147 0.000000 0.000000 0.000000 1.000000
0.968568 -0.065608 0.239941 -3.958328 -0.247342 -0.151570 0.957000 16.421556 -0.026419 -0.986267 -0.163033 -87.560562 0.000000 0.000000 0.000000 1.000000
0.972935 -0.060513 0.223014 -3.862411 -0.227989 -0.094089 0.969107 16.704138 -0.037660 -0.993723 -0.105339 -87.395386 0.000000 0.000000 0.000000 1.000000
0.977066 -0.058633 0.204706 -4.006932 -0.207523 -0.046800 0.977110 16.765621 -0.047711 -0.997182 -0.057894 -87.190567 0.000000 0.000000 0.000000 1.000000
0.981099 -0.056475 0.185082 -4.266385 -0.186400 -0.019009 0.982290 16.687605 -0.051956 -0.998223 -0.029177 -86.953964 0.000000 0.000000 0.000000 1.000000
0.983959 -0.052882 0.170374 -4.328658 -0.171143 -0.010331 0.985192 16.750259 -0.050339 -0.998547 -0.019215 -86.721542 0.000000 0.000000 0.000000 1.000000
0.985551 -0.054900 0.160238 -4.446344 -0.160993 -0.009602 0.986909 16.930523 -0.052643 -0.998446 -0.018302 -86.519463 0.000000 0.000000 0.000000 1.000000
0.986906 -0.056118 0.151218 -4.636110 -0.151714 -0.004661 0.988413 17.102322 -0.054763 -0.998413 -0.013114 -86.377342 0.000000 0.000000 0.000000 1.000000
0.987977 -0.057084 0.143677 -4.805485 -0.143515 0.006944 0.989624 17.180820 -0.057489 -0.998345 -0.001332 -86.318085 0.000000 0.000000 0.000000 1.000000
0.988755 -0.057819 0.137918 -4.928588 -0.137149 0.017086 0.990403 17.135099 -0.059620 -0.998181 0.008964 -86.312279 0.000000 0.000000 0.000000 1.000000
0.989361 -0.056548 0.134043 -4.966835 -0.132888 0.023732 0.990847 17.044813 -0.059212 -0.998118 0.015964 -86.317497 0.000000 0.000000 0.000000 1.000000
0.989657 -0.054695 0.132615 -4.975347 -0.131373 0.025728 0.990999 16.944504 -0.057615 -0.998172 0.018276 -86.329269 0.000000 0.000000 0.000000 1.000000
0.989722 -0.052303 0.133098 -4.953496 -0.132024 0.023491 0.990968 16.859390 -0.054957 -0.998355 0.016344 -86.355324 0.000000 0.000000 0.000000 1.000000
0.989433 -0.051962 0.135361 -4.948010 -0.134582 0.018215 0.990735 16.806005 -0.053946 -0.998483 0.011029 -86.388351 0.000000 0.000000 0.000000 1.000000
0.988961 -0.052691 0.138488 -4.940557 -0.137973 0.013301 0.990347 16.773556 -0.054025 -0.998522 0.005885 -86.422958 0.000000 0.000000 0.000000 1.000000
0.988318 -0.052512 0.143075 -4.900937 -0.142699 0.010855 0.989707 16.738043 -0.053525 -0.998561 0.003235 -86.454437 0.000000 0.000000 0.000000 1.000000
0.987662 -0.051260 0.147976 -4.824820 -0.147575 0.011554 0.988983 16.714130 -0.052405 -0.998618 0.003847 -86.479042 0.000000 0.000000 0.000000 1.000000
0.987168 -0.050443 0.151507 -4.713599 -0.150973 0.014258 0.988435 16.701603 -0.052020 -0.998625 0.006459 -86.493820 0.000000 0.000000 0.000000 1.000000
0.986675 -0.049842 0.154883 -4.621494 -0.154237 0.016572 0.987895 16.707518 -0.051805 -0.998620 0.008663 -86.499084 0.000000 0.000000 0.000000 1.000000
0.986427 -0.049383 0.156598 -4.549342 -0.155864 0.018418 0.987607 16.731983 -0.051655 -0.998610 0.010471 -86.497955 0.000000 0.000000 0.000000 1.000000
0.986292 -0.049671 0.157357 -4.515738 -0.156562 0.019529 0.987475 16.756750 -0.052122 -0.998575 0.011485 -86.508469 0.000000 0.000000 0.000000 1.000000
0.986215 -0.049703 0.157829 -4.505113 -0.156971 0.020741 0.987385 16.778545 -0.052350 -0.998549 0.012654 -86.495689 0.000000 0.000000 0.000000 1.000000
0.986217 -0.049796 0.157788 -4.514728 -0.156861 0.022031 0.987375 16.789915 -0.052643 -0.998516 0.013917 -86.487518 0.000000 0.000000 0.000000 1.000000
0.986250 -0.049985 0.157518 -4.542933 -0.156531 0.023108 0.987403 16.795008 -0.052995 -0.998483 0.014966 -86.483406 0.000000 0.000000 0.000000 1.000000
0.986351 -0.049987 0.156886 -4.573961 -0.155881 0.023421 0.987498 16.792469 -0.053036 -0.998475 0.015310 -86.484772 0.000000 0.000000 0.000000 1.000000
0.986475 -0.049748 0.156179 -4.605059 -0.155199 0.023015 0.987615 16.782707 -0.052726 -0.998497 0.014983 -86.490036 0.000000 0.000000 0.000000 1.000000
0.986567 -0.049320 0.155737 -4.634737 -0.154790 0.022495 0.987691 16.774666 -0.052216 -0.998530 0.014558 -86.496017 0.000000 0.000000 0.000000 1.000000
0.986666 -0.048847 0.155256 -4.654579 -0.154343 0.021972 0.987773 16.771029 -0.051662 -0.998565 0.014140 -86.500320 0.000000 0.000000 0.000000 1.000000
0.986791 -0.048214 0.154656 -4.663927 -0.153773 0.021546 0.987871 16.770277 -0.050962 -0.998605 0.013848 -86.501595 0.000000 0.000000 0.000000 1.000000
0.986885 -0.047765 0.154196 -4.665601 -0.153308 0.021740 0.987939 16.770130 -0.050541 -0.998622 0.014132 -86.500832 0.000000 0.000000 0.000000 1.000000
0.986915 -0.047791 0.153996 -4.664007 -0.153094 0.022030 0.987966 16.772175 -0.050608 -0.998614 0.014426 -86.498741 0.000000 0.000000 0.000000 1.000000
0.986913 -0.048024 0.153935 -4.661989 -0.153009 0.022419 0.987970 16.776016 -0.050897 -0.998595 0.014777 -86.495621 0.000000 0.000000 0.000000 1.000000
0.986886 -0.048310 0.154023 -4.663349 -0.153072 0.022818 0.987952 16.778004 -0.051242 -0.998572 0.015124 -86.491096 0.000000 0.000000 0.000000 1.000000
0.986839 -0.048500 0.154262 -4.662000 -0.153290 0.023194 0.987909 16.777866 -0.051491 -0.998554 0.015454 -86.488457 0.000000 0.000000 0.000000 1.000000
0.986810 -0.048519 0.154442 -4.661745 -0.153460 0.023385 0.987878 16.776421 -0.051543 -0.998548 0.015630 -86.487106 0.000000 0.000000 0.000000 1.000000
0.986784 -0.048468 0.154623 -4.660558 -0.153639 0.023437 0.987849 16.774467 -0.051503 -0.998550 0.015681 -86.487038 0.000000 0.000000 0.000000 1.000000
0.986766 -0.048386 0.154765 -4.659688 -0.153781 0.023458 0.987826 16.770901 -0.051428 -0.998553 0.015707 -86.488228 0.000000 0.000000 0.000000 1.000000
0.986733 -0.048247 0.155018 -4.658220 -0.154034 0.023494 0.987786 16.768974 -0.051300 -0.998559 0.015751 -86.489700 0.000000 0.000000 0.000000 1.000000
0.986699 -0.048157 0.155263 -4.656542 -0.154278 0.023551 0.987747 16.768541 -0.051223 -0.998562 0.015808 -86.490791 0.000000 0.000000 0.000000 1.000000
0.986681 -0.048110 0.155388 -4.656288 -0.154401 0.023620 0.987726 16.768082 -0.051190 -0.998563 0.015877 -86.490318 0.000000 0.000000 0.000000 1.000000
0.986681 -0.048099 0.155396 -4.657325 -0.154403 0.023724 0.987723 16.767408 -0.051195 -0.998561 0.015982 -86.489037 0.000000 0.000000 0.000000 1.000000
0.986703 -0.048152 0.155237 -4.656453 -0.154241 0.023773 0.987747 16.767183 -0.051252 -0.998557 0.016030 -86.488777 0.000000 0.000000 0.000000 1.000000
0.986730 -0.048361 0.155001 -4.655084 -0.153999 0.023828 0.987784 16.764662 -0.051464 -0.998546 0.016064 -86.487946 0.000000 0.000000 0.000000 1.000000
0.986756 -0.048607 0.154755 -4.653383 -0.153742 0.023956 0.987821 16.762173 -0.051722 -0.998531 0.016165 -86.487595 0.000000 0.000000 0.000000 1.000000
0.986769 -0.048577 0.154684 -4.654205 -0.153661 0.024157 0.987828 16.763184 -0.051722 -0.998527 0.016373 -86.487862 0.000000 0.000000 0.000000 1.000000
0.986796 -0.048549 0.154523 -4.654472 -0.153490 0.024352 0.987850 16.765121 -0.051722 -0.998524 0.016579 -86.488853 0.000000 0.000000 0.000000 1.000000
0.986807 -0.048519 0.154457 -4.655460 -0.153414 0.024554 0.987857 16.767630 -0.051722 -0.998520 0.016786 -86.489311 0.000000 0.000000 0.000000 1.000000
0.986813 -0.048483 0.154433 -4.657075 -0.153379 0.024783 0.987857 16.771042 -0.051722 -0.998516 0.017020 -86.489632 0.000000 0.000000 0.000000 1.000000
0.986816 -0.048474 0.154418 -4.660649 -0.153360 0.024843 0.987858 16.774593 -0.051722 -0.998515 0.017082 -86.489380 0.000000 0.000000 0.000000 1.000000
0.986817 -0.048473 0.154413 -4.663775 -0.153356 0.024850 0.987859 16.778597 -0.051722 -0.998515 0.017088 -86.489090 0.000000 0.000000 0.000000 1.000000
0.986815 -0.048479 0.154418 -4.665083 -0.153362 0.024812 0.987858 16.781485 -0.051722 -0.998516 0.017050 -86.489296 0.000000 0.000000 0.000000 1.000000
0.986813 -0.048499 0.154426 -4.665515 -0.153377 0.024686 0.987859 16.781319 -0.051722 -0.998518 0.016922 -86.489494 0.000000 0.000000 0.000000 1.000000
0.986810 -0.048530 0.154435 -4.666292 -0.153396 0.024481 0.987862 16.780252 -0.051722 -0.998522 0.016714 -86.489441 0.000000 0.000000 0.000000 1.000000
0.986807 -0.048546 0.154451 -4.666532 -0.153416 0.024378 0.987861 16.778734 -0.051722 -0.998523 0.016609 -86.489418 0.000000 0.000000 0.000000 1.000000
0.986804 -0.048546 0.154469 -4.666337 -0.153435 0.024379 0.987858 16.777086 -0.051722 -0.998523 0.016609 -86.489433 0.000000 0.000000 0.000000 1.000000
0.986802 -0.048545 0.154484 -4.666452 -0.153449 0.024380 0.987856 16.776268 -0.051722 -0.998523 0.016609 -86.489174 0.000000 0.000000 0.000000 1.000000
0.986801 -0.048545 0.154490 -4.666782 -0.153456 0.024380 0.987855 16.776138 -0.051722 -0.998523 0.016609 -86.489090 0.000000 0.000000 0.000000 1.000000
0.986802 -0.048545 0.154486 -4.667572 -0.153452 0.024380 0.987855 16.775608 -0.051722 -0.998523 0.016609 -86.488609 0.000000 0.000000 0.000000 1.000000
0.986804 -0.048546 0.154468 -4.668647 -0.153434 0.024379 0.987858 16.774595 -0.051722 -0.998523 0.016609 -86.487801 0.000000 0.000000 0.000000 1.000000
0.986810 -0.048546 0.154433 -4.669440 -0.153398 0.024377 0.987864 16.773451 -0.051722 -0.998523 0.016609 -86.487022 0.000000 0.000000 0.000000 1.000000
0.986822 -0.048548 0.154354 -4.669282 -0.153320 0.024374 0.987876 16.770489 -0.051722 -0.998523 0.016609 -86.486046 0.000000 0.000000 0.000000 1.000000
0.986849 -0.048553 0.154184 -4.667171 -0.153150 0.024365 0.987903 16.766838 -0.051722 -0.998523 0.016609 -86.485237 0.000000 0.000000 0.000000 1.000000
0.986849 -0.048553 0.154184 -4.665757 -0.153150 0.024365 0.987903 16.763779 -0.051722 -0.998523 0.016609 -86.484886 0.000000 0.000000 0.000000 1.000000</float_array>
        <technique_common>
          <accessor source="#mixamorig_Hips-Matrix-animation-output-transform-array" count="139" stride="16">
            <param type="float4x4"/>
          </accessor>
        </technique_common>
      </source>
      <source id="mixamorig_Hips-Interpolations">
        <Name_array id="mixamorig_Hips-Interpolations-array" count="139">
 LINEAR LINEAR LINEAR LINEAR LINEAR LINEAR LINEAR LINEAR LINEAR LINEAR LINEAR
LINEAR LINEAR LINEAR LINEAR LINEAR LINEAR LINEAR LINEAR LINEAR LINEAR LINEAR LINEAR
LINEAR LINEAR LINEAR LINEAR LINEAR LINEAR LINEAR LINEAR LINEAR LINEAR LINEAR LINEAR
LINEAR LINEAR LINEAR LINEAR LINEAR LINEAR LINEAR LINEAR LINEAR LINEAR LINEAR LINEAR
LINEAR LINEAR LINEAR LINEAR LINEAR LINEAR LINEAR LINEAR LINEAR LINEAR LINEAR LINEAR
LINEAR LINEAR LINEAR LINEAR LINEAR LINEAR LINEAR LINEAR LINEAR LINEAR LINEAR LINEAR
LINEAR LINEAR LINEAR LINEAR LINEAR LINEAR LINEAR LINEAR LINEAR LINEAR LINEAR LINEAR
LINEAR LINEAR LINEAR LINEAR LINEAR LINEAR LINEAR LINEAR LINEAR LINEAR LINEAR LINEAR
LINEAR LINEAR LINEAR LINEAR LINEAR LINEAR LINEAR LINEAR LINEAR LINEAR LINEAR LINEAR
LINEAR LINEAR LINEAR LINEAR LINEAR LINEAR LINEAR LINEAR LINEAR LINEAR LINEAR LINEAR
LINEAR LINEAR LINEAR LINEAR LINEAR LINEAR LINEAR LINEAR LINEAR LINEAR LINEAR LINEAR
LINEAR LINEAR LINEAR LINEAR LINEAR LINEAR LINEAR LINEAR</Name_array>
        <technique_common>
          <accessor source="#mixamorig_Hips-Interpolations-array" count="139">
            <param type="name"/>
          </accessor>
        </technique_common>
      </source>
      <sampler id="mixamorig_Hips-Matrix-animation-transform">
        <input semantic="INPUT" source="#mixamorig_Hips-Matrix-animation-input"/>
        <input semantic="OUTPUT" source="#mixamorig_Hips-Matrix-animation-output-transform"/>
        <input semantic="INTERPOLATION" source="#mixamorig_Hips-Interpolations"/>
      </sampler>
      <channel source="#mixamorig_Hips-Matrix-animation-transform" target="mixamorig_Hips/matrix"/>
    </animation>
    <animation id="mixamorig_Spine-anim" name="mixamorig_Spine">
      <source id="mixamorig_Spine-Matrix-animation-input">
        <float_array id="mixamorig_Spine-Matrix-animation-input-array" count="139">

0.000000 0.033333 0.066667 0.100000 0.133333 0.166667 0.200000 0.233333 0.266667 0.300000 0.333333 0.366667 0.400000 0.433333 0.466667 0.500000
0.533333 0.566667 0.600000 0.633333 0.666667 0.700000 0.733333 0.766667 0.800000 0.833333 0.866667 0.900000 0.933333 0.966667 1.000000 1.033333
1.066667 1.100000 1.133333 1.166667 1.200000 1.233333 1.266667 1.300000 1.333333 1.366667 1.400000 1.433333 1.466667 1.500000 1.533333 1.566667
1.600000 1.633333 1.666667 1.700000 1.733333 1.766667 1.800000 1.833333 1.866667 1.900000 1.933333 1.966667 2.000000 2.033333 2.066667 2.100000
2.133333 2.166667 2.200000 2.233333 2.266667 2.300000 2.333333 2.366667 2.400000 2.433333 2.466667 2.500000 2.533333 2.566667 2.600000 2.633333
2.666667 2.700000 2.733333 2.766667 2.800000 2.833333 2.866667 2.900000 2.933333 2.966667 3.000000 3.033333 3.066667 3.100000 3.133333 3.166667
3.200000 3.233333 3.266667 3.300000 3.333333 3.366667 3.400000 3.433333 3.466667 3.500000 3.533333 3.566667 3.600000 3.633333 3.666667 3.700000
3.733333 3.766667 3.800000 3.833333 3.866667 3.900000 3.933333 3.966667 4.000000 4.033333 4.066667 4.100000 4.133333 4.166667 4.200000 4.233333
4.266667 4.300000 4.333333 4.366667 4.400000 4.433333 4.466667 4.500000 4.533333 4.566667 4.600000</float_array>
        <technique_common>
          <accessor source="#mixamorig_Spine-Matrix-animation-input-array" count="139">
            <param name="TIME" type="float"/>
          </accessor>
        </technique_common>
      </source>
      <source id="mixamorig_Spine-Matrix-animation-output-transform">
        <float_array id="mixamorig_Spine-Matrix-animation-output-transform-array" count="2224">

0.999958 -0.007832 0.004714 0.000000 0.008890 0.953232 -0.302108 10.763900 -0.002127 0.302137 0.953262 1.243500 0.000000 0.000000 0.000000 1.000000
0.999959 -0.007880 0.004563 -0.000000 0.008890 0.953275 -0.301972 10.763900 -0.001971 0.302000 0.953306 1.243500 0.000000 0.000000 0.000000 1.000000
0.999959 -0.007955 0.004329 0.000000 0.008890 0.953345 -0.301751 10.763900 -0.001726 0.301777 0.953377 1.243500 0.000000 0.000000 0.000000 1.000000
0.999959 -0.008010 0.004153 0.000000 0.008890 0.953366 -0.301686 10.763900 -0.001543 0.301710 0.953398 1.243500 0.000000 0.000000 0.000000 1.000000
0.999960 -0.008078 0.003939 -0.000000 0.008890 0.953373 -0.301664 10.763900 -0.001319 0.301687 0.953406 1.243500 0.000000 0.000000 0.000000 1.000000
0.999960 -0.008125 0.003790 0.000000 0.008890 0.953370 -0.301673 10.763900 -0.001162 0.301695 0.953404 1.243500 0.000000 0.000000 0.000000 1.000000
0.999960 -0.008147 0.003722 -0.000000 0.008890 0.953352 -0.301729 10.763900 -0.001090 0.301750 0.953387 1.243500 0.000000 0.000000 0.000000 1.000000
0.999960 -0.008163 0.003670 0.000000 0.008890 0.953278 -0.301963 10.763900 -0.001034 0.301984 0.953313 1.243500 0.000000 0.000000 0.000000 1.000000
0.999960 -0.008135 0.003757 0.000000 0.008890 0.953198 -0.302216 10.763900 -0.001122 0.302237 0.953232 1.243500 0.000000 0.000000 0.000000 1.000000
0.999960 -0.008066 0.003974 -0.000000 0.008890 0.953107 -0.302502 10.763900 -0.001347 0.302525 0.953141 1.243500 0.000000 0.000000 0.000000 1.000000
0.999959 -0.007951 0.004332 -0.000000 0.008890 0.953008 -0.302815 10.763900 -0.001721 0.302841 0.953039 1.243500 0.000000 0.000000 0.000000 1.000000
0.999958 -0.007732 0.005019 -0.000000 0.008890 0.952863 -0.303270 10.763900 -0.002438 0.303302 0.952891 1.243500 0.000000 0.000000 0.000000 1.000000
0.999953 -0.007841 0.005719 0.000000 0.009208 0.952667 -0.303875 10.763900 -0.003066 0.303913 0.952695 1.243500 0.000000 0.000000 0.000000 1.000000
0.999950 -0.008163 0.005756 0.000000 0.009525 0.952815 -0.303402 10.763900 -0.003007 0.303442 0.952845 1.243500 0.000000 0.000000 0.000000 1.000000
0.999949 -0.008532 0.005399 -0.000000 0.009757 0.954050 -0.299490 10.763900 -0.002596 0.299527 0.954084 1.243500 0.000000 0.000000 0.000000 1.000000
0.999952 -0.008766 0.004464 -0.000000 0.009690 0.955820 -0.293793 10.763900 -0.001692 0.293822 0.955859 1.243500 0.000000 0.000000 0.000000 1.000000
0.999955 -0.008863 0.003521 0.000000 0.009502 0.957559 -0.288081 10.763900 -0.000818 0.288102 0.957599 1.243500 0.000000 0.000000 0.000000 1.000000
0.999954 -0.008968 0.003301 0.000000 0.009537 0.958637 -0.284471 10.763900 -0.000613 0.284490 0.958679 1.243500 0.000000 0.000000 0.000000 1.000000
0.999941 -0.010006 0.004311 -0.000000 0.010823 0.957823 -0.287153 10.763900 -0.001256 0.287183 0.957875 1.243500 0.000000 0.000000 0.000000 1.000000
0.999897 -0.012247 0.007519 0.000000 0.013942 0.953523 -0.300997 10.763900 -0.003483 0.301071 0.953595 1.243500 0.000000 0.000000 0.000000 1.000000
0.999786 -0.015820 0.013351 0.000000 0.019255 0.947478 -0.319242 10.763900 -0.007599 0.319430 0.947579 1.243500 0.000000 0.000000 0.000000 1.000000
0.999593 -0.021462 0.018810 -0.000000 0.026479 0.943341 -0.330767 10.763900 -0.010646 0.331130 0.943525 1.243500 0.000000 0.000000 0.000000 1.000000
0.999286 -0.031388 0.021014 0.000000 0.036619 0.941466 -0.335114 10.763900 -0.009265 0.335644 0.941943 1.243500 0.000000 0.000000 0.000000 1.000000
0.998820 -0.041876 0.024577 0.000000 0.047725 0.939898 -0.338104 10.763900 -0.008941 0.338878 0.940788 1.243500 0.000000 0.000000 0.000000 1.000000
0.998234 -0.049295 0.033135 0.000000 0.057570 0.940259 -0.335558 10.763900 -0.014614 0.336873 0.941437 1.243500 0.000000 0.000000 0.000000 1.000000
0.997731 -0.053109 0.041390 0.000000 0.063711 0.943526 -0.325116 10.763900 -0.021786 0.327015 0.944768 1.243500 0.000000 0.000000 0.000000 1.000000
0.997484 -0.053788 0.046182 0.000000 0.065538 0.948012 -0.311412 10.763900 -0.027031 0.313655 0.949152 1.243500 0.000000 0.000000 0.000000 1.000000
0.997352 -0.053525 0.049244 0.000000 0.065781 0.952673 -0.296795 10.763900 -0.031027 0.299249 0.953671 1.243500 0.000000 0.000000 0.000000 1.000000
0.997303 -0.056402 0.046965 0.000000 0.067403 0.957065 -0.281929 10.763900 -0.029047 0.284335 0.958285 1.243500 0.000000 0.000000 0.000000 1.000000
0.997223 -0.059091 0.045322 0.000000 0.069144 0.960710 -0.268805 10.763900 -0.027657 0.271192 0.962128 1.243500 0.000000 0.000000 0.000000 1.000000
0.997190 -0.058203 0.047161 0.000000 0.068401 0.964140 -0.256426 10.763900 -0.030545 0.258932 0.965413 1.243500 0.000000 0.000000 0.000000 1.000000
0.997009 -0.061395 0.046934 0.000000 0.071041 0.967191 -0.243914 10.763900 -0.030419 0.246519 0.968660 1.243500 0.000000 0.000000 0.000000 1.000000
0.997008 -0.060886 0.047614 0.000000 0.070376 0.969807 -0.233499 10.763900 -0.031959 0.236151 0.971191 1.243500 0.000000 0.000000 0.000000 1.000000
0.996984 -0.061035 0.047932 0.000000 0.070369 0.971418 -0.226705 10.763900 -0.032725 0.229394 0.972783 1.243500 0.000000 0.000000 0.000000 1.000000
0.996894 -0.062564 0.047842 0.000000 0.071807 0.971539 -0.225736 10.763900 -0.032357 0.228470 0.973013 1.243500 0.000000 0.000000 0.000000 1.000000
0.996795 -0.064299 0.047603 -0.000000 0.073434 0.971475 -0.225487 10.763900 -0.031746 0.228260 0.973083 1.243500 0.000000 0.000000 0.000000 1.000000
0.996739 -0.065649 0.046913 0.000000 0.074515 0.971949 -0.223074 10.763900 -0.030952 0.225843 0.973672 1.243500 0.000000 0.000000 0.000000 1.000000
0.996678 -0.066284 0.047318 0.000000 0.075193 0.972139 -0.222018 10.763900 -0.031284 0.224838 0.973894 1.243500 0.000000 0.000000 0.000000 1.000000
0.996610 -0.066978 0.047783 0.000000 0.076040 0.971603 -0.224065 10.763900 -0.031419 0.226938 0.973402 1.243500 0.000000 0.000000 0.000000 1.000000
0.996515 -0.068476 0.047639 0.000000 0.077486 0.971354 -0.224651 10.763900 -0.030891 0.227559 0.973274 1.243500 0.000000 0.000000 0.000000 1.000000
0.996542 -0.067752 0.048099 -0.000000 0.076861 0.971582 -0.223876 10.763900 -0.031564 0.226799 0.973430 1.243500 0.000000 0.000000 0.000000 1.000000
0.996589 -0.066102 0.049408 -0.000000 0.075638 0.971073 -0.226487 10.763900 -0.033008 0.229451 0.972760 1.243500 0.000000 0.000000 0.000000 1.000000
0.996735 -0.062608 0.050982 0.000000 0.072636 0.971036 -0.227625 10.763900 -0.035254 0.230585 0.972413 1.243500 0.000000 0.000000 0.000000 1.000000
0.996811 -0.060799 0.051686 0.000000 0.071179 0.970242 -0.231440 10.763900 -0.036076 0.234381 0.971475 1.243500 0.000000 0.000000 0.000000 1.000000
0.996884 -0.059388 0.051910 -0.000000 0.069951 0.969743 -0.233893 10.763900 -0.036449 0.236795 0.970876 1.243500 0.000000 0.000000 0.000000 1.000000
0.996915 -0.058655 0.052145 0.000000 0.069419 0.968974 -0.237213 10.763900 -0.036614 0.240101 0.970057 1.243500 0.000000 0.000000 0.000000 1.000000
0.996945 -0.058201 0.052082 -0.000000 0.068988 0.968837 -0.237898 10.763900 -0.036613 0.240764 0.969893 1.243500 0.000000 0.000000 0.000000 1.000000
0.996956 -0.057624 0.052513 0.000000 0.068545 0.968782 -0.238249 10.763900 -0.037145 0.241124 0.969783 1.243500 0.000000 0.000000 0.000000 1.000000
0.996990 -0.056742 0.052837 0.000000 0.067646 0.969597 -0.235173 10.763900 -0.037887 0.238039 0.970516 1.243500 0.000000 0.000000 0.000000 1.000000
0.997012 -0.055824 0.053389 -0.000000 0.066849 0.969874 -0.234256 10.763900 -0.038703 0.237125 0.970708 1.243500 0.000000 0.000000 0.000000 1.000000
0.997027 -0.053811 0.055157 0.000000 0.065317 0.969939 -0.234419 10.763900 -0.040885 0.237325 0.970570 1.243500 0.000000 0.000000 0.000000 1.000000
0.996990 -0.052004 0.057510 0.000000 0.064136 0.969925 -0.234800 10.763900 -0.043570 0.237782 0.970341 1.243500 0.000000 0.000000 0.000000 1.000000
0.996867 -0.052619 0.059057 -0.000000 0.065090 0.969934 -0.234501 10.763900 -0.044943 0.237610 0.970320 1.243500 0.000000 0.000000 0.000000 1.000000
0.996643 -0.055611 0.060090 0.000000 0.068176 0.970091 -0.232973 10.763900 -0.045337 0.236287 0.970625 1.243500 0.000000 0.000000 0.000000 1.000000
0.996303 -0.059620 0.061845 -0.000000 0.072445 0.970027 -0.231947 10.763900 -0.046163 0.235570 0.970761 1.243500 0.000000 0.000000 0.000000 1.000000
0.996075 -0.063355 0.061819 -0.000000 0.076040 0.969935 -0.231179 10.763900 -0.045314 0.234972 0.970945 1.243500 0.000000 0.000000 0.000000 1.000000
0.995898 -0.067451 0.060313 0.000000 0.079578 0.970164 -0.229018 10.763900 -0.043066 0.232878 0.971552 1.243500 0.000000 0.000000 0.000000 1.000000
0.995811 -0.070543 0.058179 0.000000 0.081857 0.971287 -0.223386 10.763900 -0.040750 0.227213 0.972992 1.243500 0.000000 0.000000 0.000000 1.000000
0.995844 -0.074415 0.052506 0.000000 0.083935 0.973658 -0.212000 10.763900 -0.035347 0.215526 0.975858 1.243500 0.000000 0.000000 0.000000 1.000000
0.995635 -0.078651 0.050253 -0.000000 0.087051 0.976728 -0.196021 10.763900 -0.033666 0.199540 0.979311 1.243500 0.000000 0.000000 0.000000 1.000000
0.995738 -0.079588 0.046589 0.000000 0.086550 0.980917 -0.174101 10.763900 -0.031844 0.177391 0.983625 1.243500 0.000000 0.000000 0.000000 1.000000
0.995935 -0.080819 0.039765 0.000000 0.085925 0.984894 -0.150335 10.763900 -0.027015 0.153141 0.987835 1.243500 0.000000 0.000000 0.000000 1.000000
0.996113 -0.081741 0.032814 0.000000 0.085685 0.985566 -0.146005 10.763900 -0.020406 0.148249 0.988739 1.243500 0.000000 0.000000 0.000000 1.000000
0.996248 -0.083452 0.022946 0.000000 0.086057 0.983357 -0.160008 10.763900 -0.009211 0.161383 0.986849 1.243500 0.000000 0.000000 0.000000 1.000000
0.996703 -0.079793 0.014677 0.000000 0.081127 0.982216 -0.169322 10.763900 -0.000906 0.169955 0.985451 1.243500 0.000000 0.000000 0.000000 1.000000
0.998768 -0.049263 -0.006019 0.000000 0.048348 0.993183 -0.106064 10.763900 0.011203 0.105642 0.994341 1.243500 0.000000 0.000000 0.000000 1.000000
0.999662 -0.015486 -0.020893 0.000000 0.014922 0.999528 -0.026868 10.763900 0.021299 0.026547 0.999421 1.243500 0.000000 0.000000 0.000000 1.000000
0.999891 0.001768 -0.014657 0.000000 -0.002049 0.999813 -0.019233 10.763900 0.014621 0.019261 0.999708 1.243500 0.000000 0.000000 0.000000 1.000000
0.999947 -0.002617 -0.009938 -0.000000 0.001816 0.996811 -0.079772 10.763900 0.010115 0.079750 0.996764 1.243500 0.000000 0.000000 0.000000 1.000000
0.999607 -0.026456 -0.009305 0.000000 0.024340 0.983236 -0.180703 10.763900 0.013930 0.180406 0.983494 1.243500 0.000000 0.000000 0.000000 1.000000
0.999001 -0.044482 -0.004396 0.000000 0.041778 0.964159 -0.262014 10.763900 0.015893 0.261568 0.965054 1.243500 0.000000 0.000000 0.000000 1.000000
0.998383 -0.056825 0.001814 0.000000 0.054534 0.948148 -0.313114 10.763900 0.016073 0.312707 0.949714 1.243500 0.000000 0.000000 0.000000 1.000000
0.998294 -0.058174 0.004972 0.000000 0.056614 0.943651 -0.326065 10.763900 0.014276 0.325791 0.945334 1.243500 0.000000 0.000000 0.000000 1.000000
0.998511 -0.054125 0.006770 0.000000 0.053471 0.946723 -0.317580 10.763900 0.010780 0.317469 0.948207 1.243500 0.000000 0.000000 0.000000 1.000000
0.998788 -0.048628 0.007630 0.000000 0.048638 0.951168 -0.304817 10.763900 0.007566 0.304819 0.952380 1.243500 0.000000 0.000000 0.000000 1.000000
0.999446 -0.033017 0.004245 0.000000 0.032918 0.961249 -0.273708 10.763900 0.004956 0.273696 0.961804 1.243500 0.000000 0.000000 0.000000 1.000000
0.999866 -0.016157 -0.002627 0.000000 0.015145 0.974004 -0.226023 10.763900 0.006211 0.225953 0.974118 1.243500 0.000000 0.000000 0.000000 1.000000
0.999949 0.001996 -0.009892 0.000000 -0.003653 0.985374 -0.170365 10.763900 0.009407 0.170393 0.985331 1.243500 0.000000 0.000000 0.000000 1.000000
0.999793 0.013386 -0.015332 0.000000 -0.015139 0.992585 -0.120608 10.763900 0.013604 0.120815 0.992582 1.243500 0.000000 0.000000 0.000000 1.000000
0.999570 0.023934 -0.016964 0.000000 -0.025302 0.996004 -0.085650 10.763900 0.014846 0.086043 0.996181 1.243500 0.000000 0.000000 0.000000 1.000000
0.999250 0.035729 -0.014937 0.000000 -0.036678 0.996943 -0.068989 10.763900 0.012426 0.069486 0.997506 1.243500 0.000000 0.000000 0.000000 1.000000
0.999154 0.039207 -0.012420 0.000000 -0.039915 0.997209 -0.063094 10.763900 0.009911 0.063536 0.997930 1.243500 0.000000 0.000000 0.000000 1.000000
0.999138 0.040114 -0.010713 0.000000 -0.040704 0.997236 -0.062163 10.763900 0.008190 0.062545 0.998009 1.243500 0.000000 0.000000 0.000000 1.000000
0.999034 0.042838 -0.009747 -0.000000 -0.043351 0.997223 -0.060559 10.763900 0.007126 0.060923 0.998117 1.243500 0.000000 0.000000 0.000000 1.000000
0.998874 0.046679 -0.008516 0.000000 -0.047089 0.997265 -0.056962 10.763900 0.005834 0.057299 0.998340 1.243500 0.000000 0.000000 0.000000 1.000000
