<?xml version="1.0" encoding="utf-8"?>
<COLLADA xmlns="http://www.collada.org/2005/11/COLLADASchema" version="1.4.1">
  <asset>
    <contributor>
      <author>Mixamo</author>
      <authoring_tool>COLLADA Mixamo exporter</authoring_tool>
      <comments/>
    </contributor>
    <created>2023-09-07T14:42:08Z</created>
    <modified>2023-09-07T14:42:08Z</modified>
    <revision/>
    <title/>
    <unit meter="0.010000"/>
    <up_axis>Y_UP</up_axis>
  </asset>
  <library_animations>
    <animation id="mixamorig_Hips-anim" name="mixamorig_Hips">
      <source id="mixamorig_Hips-Matrix-animation-input">
        <float_array id="mixamorig_Hips-Matrix-animation-input-array" count="27">

0.000000 0.033333 0.066667 0.100000 0.133333 0.166667 0.200000 0.233333 0.266667 0.300000 0.333333 0.366667 0.400000 0.433333 0.466667 0.500000
0.533333 0.566667 0.600000 0.633333 0.666667 0.700000 0.733333 0.766667 0.800000 0.833333 0.866667</float_array>
        <technique_common>
          <accessor source="#mixamorig_Hips-Matrix-animation-input-array" count="27">
            <param name="TIME" type="float"/>
          </accessor>
        </technique_common>
      </source>
      <source id="mixamorig_Hips-Matrix-animation-output-transform">
        <float_array id="mixamorig_Hips-Matrix-animation-output-transform-array" count="432">

0.996594 -0.013891 -0.081281 -0.000021 -0.014894 0.939169 -0.343133 81.440765 0.081103 0.343175 0.935763 0.000005 0.000000 0.000000 0.000000 1.000000
0.992371 -0.042884 -0.115591 -0.269055 -0.001995 0.931849 -0.362840 83.313927 0.123273 0.360303 0.924654 0.051478 0.000000 0.000000 0.000000 1.000000
0.987122 -0.066083 -0.145685 -0.356071 0.004763 0.922427 -0.386141 84.976608 0.159901 0.380474 0.910863 0.187632 0.000000 0.000000 0.000000 1.000000
0.982835 -0.079376 -0.166536 -0.355813 0.002493 0.908339 -0.418227 86.573875 0.184469 0.410633 0.892946 0.428565 0.000000 0.000000 0.000000 1.000000
0.980549 -0.084182 -0.177306 -0.290426 -0.007829 0.885860 -0.463887 87.983383 0.196119 0.456252 0.867970 0.771956 0.000000 0.000000 0.000000 1.000000
0.979883 -0.083920 -0.181071 -0.150772 -0.018262 0.865782 -0.500088 89.154663 0.198736 0.493334 0.846833 1.076371 0.000000 0.000000 0.000000 1.000000
0.978947 -0.083792 -0.186121 -0.011808 -0.023474 0.859586 -0.510452 90.094833 0.202759 0.504074 0.839523 1.211513 0.000000 0.000000 0.000000 1.000000
0.976350 -0.088083 -0.197441 -0.069351 -0.022932 0.865897 -0.499696 90.731728 0.214978 0.492406 0.843398 1.163584 0.000000 0.000000 0.000000 1.000000
0.973182 -0.087497 -0.212745 0.167191 -0.024983 0.879166 -0.475861 90.298462 0.228675 0.468414 0.853402 0.994139 0.000000 0.000000 0.000000 1.000000
0.973198 -0.078264 -0.216242 0.879961 -0.025632 0.897533 -0.440201 87.602913 0.228536 0.433945 0.871472 0.779738 0.000000 0.000000 0.000000 1.000000
0.979931 -0.073289 -0.185376 1.534226 -0.012448 0.905647 -0.423850 82.131584 0.198949 0.417651 0.886559 0.648591 0.000000 0.000000 0.000000 1.000000
0.991051 -0.073320 -0.111548 2.210793 0.018098 0.901734 -0.431913 77.143288 0.132255 0.426028 0.894991 0.693815 0.000000 0.000000 0.000000 1.000000
0.998005 -0.061314 -0.015058 3.060890 0.049706 0.910098 -0.411401 75.972885 0.038929 0.409832 0.911330 0.543993 0.000000 0.000000 0.000000 1.000000
0.996405 -0.044911 0.071832 3.584278 0.069195 0.920648 -0.384213 77.750130 -0.048877 0.387802 0.920446 0.303287 0.000000 0.000000 0.000000 1.000000
0.991916 -0.027497 0.123883 4.067445 0.070881 0.929805 -0.361163 80.592903 -0.105257 0.367024 0.924237 0.057540 0.000000 0.000000 0.000000 1.000000
0.991587 -0.010631 0.129006 4.551510 0.054859 0.937209 -0.344428 83.822479 -0.117244 0.348607 0.929907 -0.093872 0.000000 0.000000 0.000000 1.000000
0.994327 0.004473 0.106273 4.698665 0.033356 0.935606 -0.351468 87.204590 -0.101001 0.353019 0.930149 -0.019737 0.000000 0.000000 0.000000 1.000000
0.996484 0.015308 0.082372 4.812441 0.015463 0.932675 -0.360387 90.190689 -0.082343 0.360394 0.929159 0.048444 0.000000 0.000000 0.000000 1.000000
0.997032 0.022724 0.073557 4.596034 0.005462 0.932158 -0.362012 91.748611 -0.076793 0.361339 0.929267 0.042425 0.000000 0.000000 0.000000 1.000000
0.996181 0.028853 0.082408 4.160237 0.002581 0.933681 -0.358097 91.882492 -0.087275 0.356942 0.930040 0.058983 0.000000 0.000000 0.000000 1.000000
0.995085 0.039333 0.090875 3.480225 -0.005449 0.938085 -0.346362 88.779999 -0.098872 0.344165 0.933689 0.060804 0.000000 0.000000 0.000000 1.000000
0.995241 0.047858 0.084885 2.746822 -0.017349 0.944197 -0.328924 84.271645 -0.095889 0.325886 0.940534 -0.102077 0.000000 0.000000 0.000000 1.000000
0.996977 0.049532 0.059861 1.654812 -0.028462 0.949716 -0.311816 80.037750 -0.072296 0.309170 0.948255 -0.223287 0.000000 0.000000 0.000000 1.000000
0.998563 0.047190 0.025404 0.649372 -0.036486 0.945793 -0.322713 78.106613 -0.039256 0.321323 0.946156 -0.100933 0.000000 0.000000 0.000000 1.000000
0.999301 0.035955 -0.010277 0.232291 -0.037344 0.945212 -0.324315 78.357140 -0.001947 0.324472 0.945893 -0.092859 0.000000 0.000000 0.000000 1.000000
0.998828 0.015396 -0.045896 -0.024156 -0.029684 0.943718 -0.329415 79.610779 0.038241 0.330392 0.943069 -0.074567 0.000000 0.000000 0.000000 1.000000
0.996594 -0.013856 -0.081289 -0.003530 -0.014932 0.939167 -0.343137 81.442368 0.081098 0.343182 0.935761 0.000003 0.000000 0.000000 0.000000 1.000000</float_array>
        <technique_common>
          <accessor source="#mixamorig_Hips-Matrix-animation-output-transform-array" count="27" stride="16">
            <param type="float4x4"/>
          </accessor>
        </technique_common>
      </source>
      <source id="mixamorig_Hips-Interpolations">
        <Name_array id="mixamorig_Hips-Interpolations-array" count="27">
 LINEAR LINEAR LINEAR LINEAR LINEAR LINEAR LINEAR LINEAR LINEAR LINEAR LINEAR
LINEAR LINEAR LINEAR LINEAR LINEAR LINEAR LINEAR LINEAR LINEAR LINEAR LINEAR LINEAR
LINEAR LINEAR LINEAR LINEAR</Name_array>
        <technique_common>
          <accessor source="#mixamorig_Hips-Interpolations-array" count="27">
            <param type="name"/>
          </accessor>
        </technique_common>
      </source>
      <sampler id="mixamorig_Hips-Matrix-animation-transform">
        <input semantic="INPUT" source="#mixamorig_Hips-Matrix-animation-input"/>
        <input semantic="OUTPUT" source="#mixamorig_Hips-Matrix-animation-output-transform"/>
        <input semantic="INTERPOLATION" source="#mixamorig_Hips-Interpolations"/>
      </sampler>
      <channel source="#mixamorig_Hips-Matrix-animation-transform" target="mixamorig_Hips/matrix"/>
    </animation>
    <animation id="mixamorig_Spine-anim" name="mixamorig_Spine">
      <source id="mixamorig_Spine-Matrix-animation-input">
        <float_array id="mixamorig_Spine-Matrix-animation-input-array" count="27">

0.000000 0.033333 0.066667 0.100000 0.133333 0.166667 0.200000 0.233333 0.266667 0.300000 0.333333 0.366667 0.400000 0.433333 0.466667 0.500000
0.533333 0.566667 0.600000 0.633333 0.666667 0.700000 0.733333 0.766667 0.800000 0.833333 0.866667</float_array>
        <technique_common>
          <accessor source="#mixamorig_Spine-Matrix-animation-input-array" count="27">
            <param name="TIME" type="float"/>
          </accessor>
        </technique_common>
      </source>
      <source id="mixamorig_Spine-Matrix-animation-output-transform">
        <float_array id="mixamorig_Spine-Matrix-animation-output-transform-array" count="432">

0.994715 -0.031197 0.097824 0.000000 0.069841 0.903952 -0.421893 10.763900 -0.075267 0.426495 0.901353 1.243500 0.000000 0.000000 0.000000 1.000000
0.991332 0.013652 0.130671 0.000000 0.041619 0.910734 -0.410891 10.763900 -0.124616 0.412768 0.902271 1.243500 0.000000 0.000000 0.000000 1.000000
0.985513 0.059994 0.158636 0.000000 0.008955 0.915634 -0.401913 10.763900 -0.169365 0.397511 0.901832 1.243500 0.000000 0.000000 0.000000 1.000000
0.978513 0.103540 0.178304 -0.000000 -0.025395 0.918708 -0.394120 10.763900 -0.204617 0.381123 0.901597 1.243500 0.000000 0.000000 0.000000 1.000000
0.971838 0.131505 0.195546 0.000000 -0.056534 0.935684 -0.348280 10.763900 -0.228769 0.327417 0.916768 1.243500 0.000000 0.000000 0.000000 1.000000
0.966057 0.152165 0.208758 0.000000 -0.081759 0.946663 -0.311681 10.763900 -0.245051 0.284034 0.926971 1.243500 0.000000 0.000000 0.000000 1.000000
0.959988 0.176080 0.217760 -0.000000 -0.107372 0.949601 -0.294500 10.763900 -0.258640 0.259335 0.930511 1.243500 0.000000 0.000000 0.000000 1.000000
0.952130 0.212453 0.219801 0.000000 -0.142445 0.944533 -0.295918 10.763900 -0.270478 0.250443 0.929581 1.243500 0.000000 0.000000 0.000000 1.000000
0.946420 0.238113 0.218155 0.000000 -0.163621 0.935968 -0.311757 10.763900 -0.278419 0.259358 0.924779 1.243500 0.000000 0.000000 0.000000 1.000000
0.947642 0.237287 0.213703 0.000000 -0.158397 0.930367 -0.330648 10.763900 -0.277280 0.279486 0.919241 1.243500 0.000000 0.000000 0.000000 1.000000
0.955054 0.220277 0.198370 -0.000000 -0.142040 0.927424 -0.345991 10.763900 -0.260187 0.302263 0.917027 1.243500 0.000000 0.000000 0.000000 1.000000
0.968766 0.193562 0.155007 0.000000 -0.127248 0.924536 -0.359222 10.763900 -0.212841 0.328278 0.920289 1.243500 0.000000 0.000000 0.000000 1.000000
0.985877 0.142122 0.088585 0.000000 -0.099850 0.923498 -0.370380 10.763900 -0.134447 0.356304 0.924646 1.243500 0.000000 0.000000 0.000000 1.000000
0.995857 0.087893 0.023315 0.000000 -0.072107 0.919506 -0.386406 10.763900 -0.055400 0.383124 0.922034 1.243500 0.000000 0.000000 0.000000 1.000000
0.999067 0.036643 -0.022842 -0.000000 -0.042782 0.911657 -0.408719 10.763900 0.005847 0.409315 0.912374 1.243500 0.000000 0.000000 0.000000 1.000000
0.998849 -0.001020 -0.047957 0.000000 -0.019569 0.904126 -0.426817 10.763900 0.043794 0.427264 0.903066 1.243500 0.000000 0.000000 0.000000 1.000000
0.997755 -0.025624 -0.061870 -0.000000 -0.003072 0.905412 -0.424523 10.763900 0.066896 0.423760 0.903301 1.243500 0.000000 0.000000 0.000000 1.000000
0.995893 -0.051282 -0.074619 0.000000 0.015975 0.910733 -0.412687 10.763900 0.089122 0.409800 0.907811 1.243500 0.000000 0.000000 0.000000 1.000000
0.993353 -0.075877 -0.086564 0.000000 0.035391 0.916889 -0.397571 10.763900 0.109536 0.391865 0.913479 1.243500 0.000000 0.000000 0.000000 1.000000
0.990504 -0.099728 -0.094640 0.000000 0.056158 0.921792 -0.383597 10.763900 0.125493 0.374639 0.918639 1.243500 0.000000 0.000000 0.000000 1.000000
0.988450 -0.120743 -0.091580 0.000000 0.078047 0.923601 -0.375326 10.763900 0.129901 0.363843 0.922358 1.243500 0.000000 0.000000 0.000000 1.000000
0.988623 -0.131408 -0.073191 0.000000 0.094135 0.920045 -0.380336 10.763900 0.117318 0.369119 0.921948 1.243500 0.000000 0.000000 0.000000 1.000000
0.992210 -0.118788 -0.037530 -0.000000 0.092914 0.906330 -0.412230 10.763900 0.082983 0.405532 0.910306 1.243500 0.000000 0.000000 0.000000 1.000000
0.995129 -0.098512 -0.003729 0.000000 0.086863 0.894086 -0.439392 10.763900 0.046620 0.436928 0.898287 1.243500 0.000000 0.000000 0.000000 1.000000
0.996177 -0.081452 0.031564 0.000000 0.087030 0.894316 -0.438891 10.763900 0.007520 0.439960 0.897986 1.243500 0.000000 0.000000 0.000000 1.000000
0.996067 -0.059587 0.065578 0.000000 0.082010 0.900189 -0.427709 10.763900 -0.033546 0.431404 0.901535 1.243500 0.000000 0.000000 0.000000 1.000000
0.994713 -0.031160 0.097851 0.000000 0.069819 0.903950 -0.421900 10.763900 -0.075306 0.426501 0.901347 1.243500 0.000000 0.000000 0.000000 1.000000</float_array>
        <technique_common>
          <accessor source="#mixamorig_Spine-Matrix-animation-output-transform-array" count="27" stride="16">
            <param type="float4x4"/>
          </accessor>
        </technique_common>
      </source>
      <source id="mixamorig_Spine-Interpolations">
        <Name_array id="mixamorig_Spine-Interpolations-array" count="27">
 LINEAR LINEAR LINEAR LINEAR LINEAR LINEAR LINEAR LINEAR LINEAR LINEAR LINEAR
LINEAR LINEAR LINEAR LINEAR LINEAR LINEAR LINEAR LINEAR LINEAR LINEAR LINEAR LINEAR
LINEAR LINEAR LINEAR LINEAR</Name_array>
        <technique_common>
          <accessor source="#mixamorig_Spine-Interpolations-array" count="27">
            <param type="name"/>
          </accessor>
        </technique_common>
      </source>
      <sampler id="mixamorig_Spine-Matrix-animation-transform">
        <input semantic="INPUT" source="#mixamorig_Spine-Matrix-animation-input"/>
        <input semantic="OUTPUT" source="#mixamorig_Spine-Matrix-animation-output-transform"/>
        <input semantic="INTERPOLATION" source="#mixamorig_Spine-Interpolations"/>
      </sampler>
      <channel source="#mixamorig_Spine-Matrix-animation-transform" target="mixamorig_Spine/matrix"/>
    </animation>
    <animation id="mixamorig_Spine1-anim" name="mixamorig_Spine1">
      <source id="mixamorig_Spine1-Matrix-animation-input">
        <float_array id="mixamorig_Spine1-Matrix-animation-input-array" count="27">

0.000000 0.033333 0.066667 0.100000 0.133333 0.166667 0.200000 0.233333 0.266667 0.300000 0.333333 0.366667 0.400000 0.433333 0.466667 0.500000
0.533333 0.566667 0.600000 0.633333 0.666667 0.700000 0.733333 0.766667 0.800000 0.833333 0.866667</float_array>
        <technique_common>
          <accessor source="#mixamorig_Spine1-Matrix-animation-input-array" count="27">
            <param name="TIME" type="float"/>
          </accessor>
        </technique_common>
      </source>
      <source id="mixamorig_Spine1-Matrix-animation-output-transform">
        <float_array id="mixamorig_Spine1-Matrix-animation-output-transform-array" count="432">

0.996009 -0.087769 -0.016221 -0.000000 0.082772 0.976278 -0.200075 13.063300 0.033397 0.197934 0.979646 0.000000 0.000000 0.000000 0.000000 1.000000
0.997603 -0.069176 -0.001732 0.000000 0.067619 0.979858 -0.187901 13.063300 0.014695 0.187333 0.982186 0.000000 0.000000 0.000000 0.000000 1.000000
0.998796 -0.047799 0.011042 -0.000000 0.048996 0.983248 -0.175563 13.063300 -0.002465 0.175892 0.984406 0.000000 0.000000 0.000000 0.000000 1.000000
0.999415 -0.025429 0.022856 0.000000 0.028847 0.985973 -0.164391 13.063300 -0.018355 0.164954 0.986130 0.000000 0.000000 0.000000 0.000000 1.000000
0.999350 -0.008180 0.035114 0.000000 0.013011 0.990116 -0.139643 13.063300 -0.033625 0.140009 0.989579 -0.000000 0.000000 0.000000 0.000000 1.000000
0.998840 0.000950 0.048151 -0.000000 0.004648 0.993237 -0.116014 13.063300 -0.047936 0.116103 0.992080 0.000000 0.000000 0.000000 0.000000 1.000000
0.998176 0.007032 0.059968 -0.000000 -0.001007 0.994996 -0.099911 13.063300 -0.060370 0.099668 0.993188 0.000000 0.000000 0.000000 0.000000 1.000000
0.997485 0.018425 0.068444 -0.000000 -0.011707 0.995188 -0.097281 13.063300 -0.069907 0.096235 0.992901 0.000000 0.000000 0.000000 0.000000 1.000000
0.996982 0.031298 0.071052 0.000000 -0.023500 0.993869 -0.108040 13.063300 -0.073997 0.106045 0.991604 0.000000 0.000000 0.000000 0.000000 1.000000
0.997016 0.039523 0.066315 -0.000000 -0.031162 0.991955 -0.122697 13.063300 -0.070631 0.120264 0.990226 -0.000000 0.000000 0.000000 0.000000 1.000000
0.997526 0.044974 0.054037 0.000000 -0.037243 0.989953 -0.136405 13.063300 -0.059629 0.134055 0.989178 -0.000000 0.000000 0.000000 0.000000 1.000000
0.998434 0.044281 0.034194 0.000000 -0.038675 0.987917 -0.150078 13.063300 -0.040426 0.148520 0.988083 0.000000 0.000000 0.000000 0.000000 1.000000
0.999538 0.028919 0.009311 0.000000 -0.027012 0.986203 -0.163320 13.063300 -0.013905 0.162993 0.986529 0.000000 0.000000 0.000000 0.000000 1.000000
0.999847 0.008129 -0.015471 0.000000 -0.010739 0.984160 -0.176956 13.063300 0.013787 0.177095 0.984097 -0.000000 0.000000 0.000000 0.000000 1.000000
0.999189 -0.015688 -0.037082 0.000000 0.008339 0.981630 -0.190612 13.063300 0.039391 0.190149 0.980965 0.000000 0.000000 0.000000 0.000000 1.000000
0.997742 -0.036410 -0.056434 0.000000 0.024359 0.979260 -0.201137 13.063300 0.062587 0.199309 0.977936 0.000000 0.000000 0.000000 0.000000 1.000000
0.995928 -0.048790 -0.075813 0.000000 0.032445 0.978530 -0.203533 13.063300 0.084116 0.200244 0.976128 -0.000000 0.000000 0.000000 0.000000 1.000000
0.993877 -0.055713 -0.095418 -0.000000 0.035945 0.979626 -0.197586 13.063300 0.104482 0.192946 0.975631 0.000000 0.000000 0.000000 0.000000 1.000000
0.991804 -0.056536 -0.114579 0.000000 0.034745 0.982322 -0.183946 13.063300 0.122953 0.178458 0.976235 0.000000 0.000000 0.000000 0.000000 1.000000
0.990016 -0.056187 -0.129270 -0.000000 0.034762 0.986115 -0.162387 13.063300 0.136599 0.156272 0.978223 -0.000000 0.000000 0.000000 0.000000 1.000000
0.989232 -0.059869 -0.133549 0.000000 0.039658 0.988018 -0.149159 13.063300 0.140879 0.142257 0.979753 -0.000000 0.000000 0.000000 0.000000 1.000000
0.989633 -0.069406 -0.125736 0.000000 0.049412 0.986571 -0.155679 13.063300 0.134853 0.147852 0.979773 0.000000 0.000000 0.000000 0.000000 1.000000
0.991061 -0.079825 -0.106889 0.000000 0.058708 0.980440 -0.187858 13.063300 0.119794 0.179904 0.976363 0.000000 0.000000 0.000000 0.000000 1.000000
0.992399 -0.091398 -0.082410 0.000000 0.072625 0.975559 -0.207390 13.063300 0.099351 0.199829 0.974781 0.000000 0.000000 0.000000 0.000000 1.000000
0.993332 -0.100834 -0.055890 0.000000 0.086816 0.973221 -0.212849 13.063300 0.075856 0.206577 0.975485 0.000000 0.000000 0.000000 0.000000 1.000000
0.994329 -0.101193 -0.032705 0.000000 0.092318 0.973995 -0.206910 13.063300 0.052793 0.202717 0.977813 -0.000000 0.000000 0.000000 0.000000 1.000000
0.996011 -0.087738 -0.016226 0.000000 0.082740 0.976279 -0.200085 13.063300 0.033396 0.197945 0.979644 0.000000 0.000000 0.000000 0.000000 1.000000</float_array>
        <technique_common>
          <accessor source="#mixamorig_Spine1-Matrix-animation-output-transform-array" count="27" stride="16">
            <param type="float4x4"/>
          </accessor>
        </technique_common>
      </source>
      <source id="mixamorig_Spine1-Interpolations">
        <Name_array id="mixamorig_Spine1-Interpolations-array" count="27">
 LINEAR LINEAR LINEAR LINEAR LINEAR LINEAR LINEAR LINEAR LINEAR LINEAR LINEAR
LINEAR LINEAR LINEAR LINEAR LINEAR LINEAR LINEAR LINEAR LINEAR LINEAR LINEAR LINEAR
LINEAR LINEAR LINEAR LINEAR</Name_array>
        <technique_common>
          <accessor source="#mixamorig_Spine1-Interpolations-array" count="27">
            <param type="name"/>
          </accessor>
        </technique_common>
      </source>
      <sampler id="mixamorig_Spine1-Matrix-animation-transform">
        <input semantic="INPUT" source="#mixamorig_Spine1-Matrix-animation-input"/>
        <input semantic="OUTPUT" source="#mixamorig_Spine1-Matrix-animation-output-transform"/>
        <input semantic="INTERPOLATION" source="#mixamorig_Spine1-Interpolations"/>
      </sampler>
      <channel source="#mixamorig_Spine1-Matrix-animation-transform" target="mixamorig_Spine1/matrix"/>
    </animation>
    <animation id="mixamorig_Spine2-anim" name="mixamorig_Spine2">
      <source id="mixamorig_Spine2-Matrix-animation-input">
        <float_array id="mixamorig_Spine2-Matrix-animation-input-array" count="27">

0.000000 0.033333 0.066667 0.100000 0.133333 0.166667 0.200000 0.233333 0.266667 0.300000 0.333333 0.366667 0.400000 0.433333 0.466667 0.500000
0.533333 0.566667 0.600000 0.633333 0.666667 0.700000 0.733333 0.766667 0.800000 0.833333 0.866667</float_array>
        <technique_common>
          <accessor source="#mixamorig_Spine2-Matrix-animation-input-array" count="27">
            <param name="TIME" type="float"/>
          </accessor>
        </technique_common>
      </source>
      <source id="mixamorig_Spine2-Matrix-animation-output-transform">
        <float_array id="mixamorig_Spine2-Matrix-animation-output-transform-array" count="432">

0.996969 -0.077547 -0.006277 0.000000 0.070308 0.932566 -0.354086 13.020500 0.033312 0.352571 0.935192 -0.000000 0.000000 0.000000 0.000000 1.000000
0.998172 -0.060219 0.005221 0.000000 0.058362 0.937702 -0.342503 13.020500 0.015730 0.342181 0.939502 0.000000 0.000000 0.000000 0.000000 1.000000
0.999075 -0.040489 0.014490 -0.000000 0.043003 0.942934 -0.330191 13.020500 -0.000294 0.330509 0.943803 -0.000000 0.000000 0.000000 0.000000 1.000000
0.999543 -0.019915 0.022761 -0.000000 0.026137 0.947466 -0.318787 13.020500 -0.015217 0.319236 0.947553 0.000000 0.000000 0.000000 0.000000 1.000000
0.999444 -0.003486 0.033170 0.000000 0.013107 0.955555 -0.294523 13.020500 -0.030669 0.294794 0.955069 -0.000000 0.000000 0.000000 0.000000 1.000000
0.998907 0.005603 0.046408 0.000000 0.007215 0.962413 -0.271493 13.020500 -0.046185 0.271531 0.961321 0.000000 0.000000 0.000000 0.000000 1.000000
0.998195 0.011955 0.058852 0.000000 0.003492 0.966773 -0.255613 13.020500 -0.059952 0.255357 0.964986 -0.000000 0.000000 0.000000 0.000000 1.000000
0.997504 0.023583 0.066553 0.000000 -0.005990 0.967438 -0.253036 13.020500 -0.070354 0.252005 0.965165 0.000000 0.000000 0.000000 0.000000 1.000000
0.996998 0.036756 0.068153 -0.000000 -0.017555 0.964530 -0.263389 13.020500 -0.075417 0.261402 0.962279 0.000000 0.000000 0.000000 0.000000 1.000000
0.996940 0.045947 0.063246 0.000000 -0.026682 0.960450 -0.277170 13.020500 -0.073480 0.274635 0.958737 0.000000 0.000000 0.000000 0.000000 1.000000
0.997339 0.053038 0.050021 0.000000 -0.036310 0.956324 -0.290043 13.020500 -0.063220 0.287455 0.955705 0.000000 0.000000 0.000000 0.000000 1.000000
0.998140 0.053284 0.029617 0.000000 -0.041836 0.952089 -0.302946 13.020500 -0.044340 0.301143 0.952547 0.000000 0.000000 0.000000 0.000000 1.000000
0.999232 0.038356 0.007997 0.000000 -0.033865 0.948133 -0.316064 13.020500 -0.019705 0.315550 0.948704 0.000000 0.000000 0.000000 0.000000 1.000000
0.999752 0.018300 -0.012728 0.000000 -0.021474 0.943836 -0.329716 13.020500 0.005979 0.329908 0.943994 0.000000 0.000000 0.000000 0.000000 1.000000
0.999529 -0.004301 -0.030374 0.000000 -0.006394 0.939171 -0.343389 13.020500 0.030004 0.343422 0.938702 -0.000000 0.000000 0.000000 0.000000 1.000000
0.998602 -0.024130 -0.047030 0.000000 0.005914 0.935140 -0.354229 13.020500 0.052528 0.353456 0.933975 0.000000 0.000000 0.000000 0.000000 1.000000
0.997136 -0.036544 -0.066208 0.000000 0.010526 0.934039 -0.357015 13.020500 0.074887 0.355296 0.931749 0.000000 0.000000 0.000000 0.000000 1.000000
0.995260 -0.043801 -0.086825 0.000000 0.010527 0.936101 -0.351575 13.020500 0.096676 0.348994 0.932125 0.000000 0.000000 0.000000 0.000000 1.000000
0.993069 -0.045486 -0.108376 -0.000000 0.006185 0.941026 -0.338277 13.020500 0.117372 0.335262 0.934785 -0.000000 0.000000 0.000000 0.000000 1.000000
0.991057 -0.046758 -0.124977 -0.000000 0.004747 0.948358 -0.317165 13.020500 0.133353 0.313736 0.940099 0.000000 0.000000 0.000000 0.000000 1.000000
0.990114 -0.051544 -0.130454 0.000000 0.009516 0.952576 -0.304150 13.020500 0.139945 0.299902 0.943649 0.000000 0.000000 0.000000 0.000000 1.000000
0.990489 -0.060554 -0.123552 0.000000 0.019377 0.950393 -0.310448 13.020500 0.136222 0.305101 0.942527 0.000000 0.000000 0.000000 0.000000 1.000000
0.991823 -0.069341 -0.107140 0.000000 0.028817 0.939516 -0.341291 13.020500 0.124325 0.335413 0.933832 0.000000 0.000000 0.000000 0.000000 1.000000
0.993409 -0.080973 -0.081126 0.000000 0.046461 0.931485 -0.360800 13.020500 0.104783 0.354653 0.929108 -0.000000 0.000000 0.000000 0.000000 1.000000
0.994677 -0.090011 -0.050156 0.000000 0.065563 0.928363 -0.365846 13.020500 0.079493 0.360610 0.929323 -0.000000 0.000000 0.000000 0.000000 1.000000
0.995668 -0.090135 -0.022819 0.000000 0.075911 0.929750 -0.360280 13.020500 0.053689 0.356987 0.932565 -0.000000 0.000000 0.000000 0.000000 1.000000
0.996971 -0.077520 -0.006293 0.000000 0.070277 0.932566 -0.354094 13.020500 0.033318 0.352579 0.935189 0.000000 0.000000 0.000000 0.000000 1.000000</float_array>
        <technique_common>
          <accessor source="#mixamorig_Spine2-Matrix-animation-output-transform-array" count="27" stride="16">
            <param type="float4x4"/>
          </accessor>
        </technique_common>
      </source>
      <source id="mixamorig_Spine2-Interpolations">
        <Name_array id="mixamorig_Spine2-Interpolations-array" count="27">
 LINEAR LINEAR LINEAR LINEAR LINEAR LINEAR LINEAR LINEAR LINEAR LINEAR LINEAR
LINEAR LINEAR LINEAR LINEAR LINEAR LINEAR LINEAR LINEAR LINEAR LINEAR LINEAR LINEAR
LINEAR LINEAR LINEAR LINEAR</Name_array>
        <technique_common>
          <accessor source="#mixamorig_Spine2-Interpolations-array" count="27">
            <param type="name"/>
          </accessor>
        </technique_common>
      </source>
      <sampler id="mixamorig_Spine2-Matrix-animation-transform">
        <input semantic="INPUT" source="#mixamorig_Spine2-Matrix-animation-input"/>
        <input semantic="OUTPUT" source="#mixamorig_Spine2-Matrix-animation-output-transform"/>
        <input semantic="INTERPOLATION" source="#mixamorig_Spine2-Interpolations"/>
      </sampler>
      <channel source="#mixamorig_Spine2-Matrix-animation-transform" target="mixamorig_Spine2/matrix"/>
    </animation>
    <animation id="mixamorig_Neck-anim" name="mixamorig_Neck">
      <source id="mixamorig_Neck-Matrix-animation-input">
        <float_array id="mixamorig_Neck-Matrix-animation-input-array" count="27">

0.000000 0.033333 0.066667 0.100000 0.133333 0.166667 0.200000 0.233333 0.266667 0.300000 0.333333 0.366667 0.400000 0.433333 0.466667 0.500000
0.533333 0.566667 0.600000 0.633333 0.666667 0.700000 0.733333 0.766667 0.800000 0.833333 0.866667</float_array>
        <technique_common>
          <accessor source="#mixamorig_Neck-Matrix-animation-input-array" count="27">
            <param name="TIME" type="float"/>
          </accessor>
        </technique_common>
      </source>
      <source id="mixamorig_Neck-Matrix-animation-output-transform">
        <float_array id="mixamorig_Neck-Matrix-animation-output-transform-array" count="432">

0.920601 0.177158 0.348007 -0.011900 -0.381618 0.597182 0.705508 24.670700 -0.082837 -0.782297 0.617373 2.028100 0.000000 0.000000 0.000000 1.000000
0.937304 0.158555 0.310358 -0.011900 -0.336843 0.640667 0.689987 24.670700 -0.089435 -0.751270 0.653908 2.028100 0.000000 0.000000 0.000000 1.000000
0.954774 0.122274 0.271029 -0.011900 -0.285115 0.635132 0.717856 24.670700 -0.084364 -0.762664 0.641270 2.028100 0.000000 0.000000 0.000000 1.000000
0.973655 0.076740 0.214727 -0.011900 -0.215721 0.615161 0.758315 24.670700 -0.073899 -0.784658 0.615509 2.028100 0.000000 0.000000 0.000000 1.000000
0.987155 0.041360 0.154320 -0.011900 -0.141284 0.676963 0.722329 24.670700 -0.074594 -0.734854 0.674111 2.028100 0.000000 0.000000 0.000000 1.000000
0.994983 0.002395 0.100020 -0.011900 -0.064428 0.780165 0.622247 24.670700 -0.076542 -0.625569 0.776405 2.028100 0.000000 0.000000 0.000000 1.000000
0.997298 -0.057932 0.045183 -0.011900 0.024253 0.840118 0.541862 24.670700 -0.069350 -0.539301 0.839252 2.028100 0.000000 0.000000 0.000000 1.000000
0.991807 -0.127707 0.002990 -0.011900 0.107943 0.850378 0.514981 24.670700 -0.068309 -0.510439 0.857196 2.028100 0.000000 0.000000 0.000000 1.000000
0.982219 -0.186814 -0.018622 -0.011900 0.168229 0.831770 0.529016 24.670700 -0.083338 -0.522742 0.848408 2.028100 0.000000 0.000000 0.000000 1.000000
0.975315 -0.220181 -0.016776 -0.011900 0.192433 0.810222 0.553634 24.670700 -0.108307 -0.543196 0.832591 2.028100 0.000000 0.000000 0.000000 1.000000
0.976233 -0.216401 -0.011834 -0.011900 0.172100 0.740877 0.649217 24.670700 -0.131724 -0.635823 0.760511 2.028100 0.000000 0.000000 0.000000 1.000000
0.978074 -0.207371 -0.019188 -0.011900 0.142871 0.601099 0.786300 24.670700 -0.151522 -0.771801 0.617547 2.028100 0.000000 0.000000 0.000000 1.000000
0.973717 -0.227224 -0.015658 -0.011900 0.144024 0.561012 0.815183 24.670700 -0.176445 -0.796012 0.578992 2.028100 0.000000 0.000000 0.000000 1.000000
0.971041 -0.237427 0.026594 -0.011900 0.128375 0.612408 0.780049 24.670700 -0.201491 -0.754045 0.625154 2.028100 0.000000 0.000000 0.000000 1.000000
0.974346 -0.203290 0.096556 -0.011900 0.053739 0.626775 0.777345 24.670700 -0.218545 -0.752214 0.621620 2.028100 0.000000 0.000000 0.000000 1.000000
0.970815 -0.150267 0.186915 -0.011900 -0.053261 0.624824 0.778947 24.670700 -0.233839 -0.766169 0.598586 2.028100 0.000000 0.000000 0.000000 1.000000
0.954645 -0.088119 0.284409 -0.011900 -0.158782 0.657378 0.736642 24.670700 -0.251876 -0.748391 0.613571 2.028100 0.000000 0.000000 0.000000 1.000000
0.932472 -0.013224 0.361001 -0.011900 -0.240886 0.721954 0.648658 24.670700 -0.269203 -0.691815 0.670016 2.028100 0.000000 0.000000 0.000000 1.000000
0.914478 0.071011 0.398356 -0.011900 -0.297550 0.785181 0.543098 24.670700 -0.274215 -0.615182 0.739160 2.028100 0.000000 0.000000 0.000000 1.000000
0.904061 0.149608 0.400363 -0.011900 -0.339269 0.820913 0.459345 24.670700 -0.259942 -0.551107 0.792913 2.028100 0.000000 0.000000 0.000000 1.000000
0.902187 0.196179 0.384151 -0.011900 -0.363299 0.825701 0.431546 24.670700 -0.232534 -0.528897 0.816208 2.028100 0.000000 0.000000 0.000000 1.000000
0.910237 0.193306 0.366198 -0.011900 -0.362583 0.799211 0.479370 24.670700 -0.200005 -0.569118 0.797561 2.028100 0.000000 0.000000 0.000000 1.000000
0.920345 0.160800 0.356524 -0.011900 -0.353453 0.732221 0.582171 24.670700 -0.167441 -0.661813 0.730731 2.028100 0.000000 0.000000 0.000000 1.000000
0.920440 0.150267 0.360846 -0.011900 -0.364585 0.662925 0.653917 24.670700 -0.140951 -0.733451 0.664968 2.028100 0.000000 0.000000 0.000000 1.000000
0.913992 0.168279 0.369188 -0.011900 -0.386342 0.638899 0.665243 24.670700 -0.123927 -0.750660 0.648962 2.028100 0.000000 0.000000 0.000000 1.000000
0.911477 0.183439 0.368185 -0.011900 -0.396825 0.627879 0.669551 24.670700 -0.108354 -0.756385 0.645090 2.028100 0.000000 0.000000 0.000000 1.000000
0.921503 0.168853 0.349743 -0.011900 -0.377653 0.599684 0.705519 24.670700 -0.090606 -0.782220 0.616378 2.028100 0.000000 0.000000 0.000000 1.000000</float_array>
        <technique_common>
          <accessor source="#mixamorig_Neck-Matrix-animation-output-transform-array" count="27" stride="16">
            <param type="float4x4"/>
          </accessor>
        </technique_common>
      </source>
      <source id="mixamorig_Neck-Interpolations">
        <Name_array id="mixamorig_Neck-Interpolations-array" count="27">
 LINEAR LINEAR LINEAR LINEAR LINEAR LINEAR LINEAR LINEAR LINEAR LINEAR LINEAR
LINEAR LINEAR LINEAR LINEAR LINEAR LINEAR LINEAR LINEAR LINEAR LINEAR LINEAR LINEAR
LINEAR LINEAR LINEAR LINEAR</Name_array>
        <technique_common>
          <accessor source="#mixamorig_Neck-Interpolations-array" count="27">
            <param type="name"/>
          </accessor>
        </technique_common>
      </source>
      <sampler id="mixamorig_Neck-Matrix-animation-transform">
        <input semantic="INPUT" source="#mixamorig_Neck-Matrix-animation-input"/>
        <input semantic="OUTPUT" source="#mixamorig_Neck-Matrix-animation-output-transform"/>
        <input semantic="INTERPOLATION" source="#mixamorig_Neck-Interpolations"/>
      </sampler>
      <channel source="#mixamorig_Neck-Matrix-animation-transform" target="mixamorig_Neck/matrix"/>
    </animation>
    <animation id="mixamorig_Head-anim" name="mixamorig_Head">
      <source id="mixamorig_Head-Matrix-animation-input">
        <float_array id="mixamorig_Head-Matrix-animation-input-array" count="27">

0.000000 0.033333 0.066667 0.100000 0.133333 0.166667 0.200000 0.233333 0.266667 0.300000 0.333333 0.366667 0.400000 0.433333 0.466667 0.500000
0.533333 0.566667 0.600000 0.633333 0.666667 0.700000 0.733333 0.766667 0.800000 0.833333 0.866667</float_array>
        <technique_common>
          <accessor source="#mixamorig_Head-Matrix-animation-input-array" count="27">
            <param name="TIME" type="float"/>
          </accessor>
        </technique_common>
      </source>
      <source id="mixamorig_Head-Matrix-animation-output-transform">
        <float_array id="mixamorig_Head-Matrix-animation-output-transform-array" count="432">

0.953975 -0.149245 -0.260112 -0.000000 0.176103 0.980860 0.083077 8.817300 0.242735 -0.125060 0.961998 6.102600 0.000000 0.000000 0.000000 1.000000
0.953903 -0.116512 -0.276575 0.000000 0.157268 0.978960 0.130012 8.817300 0.255608 -0.167515 0.952157 6.102600 0.000000 0.000000 0.000000 1.000000
0.953251 -0.090968 -0.288162 0.000000 0.131424 0.983505 0.124278 8.817300 0.272103 -0.156339 0.949483 6.102600 0.000000 0.000000 0.000000 1.000000
0.955551 -0.065010 -0.287568 -0.000000 0.099281 0.989373 0.106232 8.817300 0.277605 -0.130060 0.951851 6.102600 0.000000 0.000000 0.000000 1.000000
0.958568 -0.021691 -0.284038 0.000000 0.072435 0.982883 0.169392 8.817300 0.275501 -0.182948 0.943731 6.102600 0.000000 0.000000 0.000000 1.000000
0.963333 0.042666 -0.264894 0.000000 0.036444 0.957319 0.286726 8.817300 0.265821 -0.285866 0.920663 6.102600 0.000000 0.000000 0.000000 1.000000
0.969112 0.108585 -0.221431 -0.000000 -0.017832 0.926358 0.376222 8.817300 0.245977 -0.360653 0.899681 6.102600 0.000000 0.000000 0.000000 1.000000
0.972099 0.157212 -0.174092 0.000000 -0.071547 0.905524 0.418218 8.817300 0.223393 -0.394094 0.891507 6.102600 0.000000 0.000000 0.000000 1.000000
0.972341 0.193041 -0.131481 0.000000 -0.120071 0.895990 0.427532 8.817300 0.200337 -0.399920 0.894387 6.102600 0.000000 0.000000 0.000000 1.000000
0.970328 0.216646 -0.107371 -0.000000 -0.152791 0.893555 0.422153 8.817300 0.187400 -0.393222 0.900143 6.102600 0.000000 0.000000 0.000000 1.000000
0.969214 0.213367 -0.122880 -0.000000 -0.162294 0.928907 0.332855 8.817300 0.185165 -0.302665 0.934937 6.102600 0.000000 0.000000 0.000000 1.000000
0.970612 0.195438 -0.140416 0.000000 -0.175069 0.973788 0.145218 8.817300 0.165116 -0.116368 0.979385 6.102600 0.000000 0.000000 0.000000 1.000000
0.972844 0.197577 -0.120575 -0.000000 -0.191156 0.979549 0.062799 8.817300 0.130517 -0.038045 0.990716 6.102600 0.000000 0.000000 0.000000 1.000000
0.976334 0.192896 -0.097788 0.000000 -0.183724 0.978327 0.095509 8.817300 0.114092 -0.075283 0.990614 6.102600 0.000000 0.000000 0.000000 1.000000
0.982092 0.158404 -0.101995 0.000000 -0.147694 0.983423 0.105196 8.817300 0.116967 -0.088248 0.989207 6.102600 0.000000 0.000000 0.000000 1.000000
0.987915 0.105288 -0.113748 0.000000 -0.092318 0.989201 0.113839 8.817300 0.124505 -0.101962 0.986966 6.102600 0.000000 0.000000 0.000000 1.000000
0.991100 0.053069 -0.122084 0.000000 -0.030627 0.983401 0.178842 8.817300 0.129549 -0.173511 0.976274 6.102600 0.000000 0.000000 0.000000 1.000000
0.992013 0.013436 -0.125417 -0.000000 0.023361 0.957538 0.287360 8.817300 0.123952 -0.287995 0.949576 6.102600 0.000000 0.000000 0.000000 1.000000
0.991125 -0.026897 -0.130181 -0.000000 0.076300 0.917035 0.391439 8.817300 0.108852 -0.397898 0.910949 6.102600 0.000000 0.000000 0.000000 1.000000
0.987199 -0.070765 -0.142935 -0.000000 0.128691 0.882812 0.451754 8.817300 0.094216 -0.464365 0.880618 6.102600 0.000000 0.000000 0.000000 1.000000
0.983271 -0.096529 -0.154469 0.000000 0.157783 0.875089 0.457520 8.817300 0.091010 -0.474238 0.875680 6.102600 0.000000 0.000000 0.000000 1.000000
0.982339 -0.093550 -0.162046 -0.000000 0.155003 0.891964 0.424704 8.817300 0.104809 -0.442321 0.890712 6.102600 0.000000 0.000000 0.000000 1.000000
0.981502 -0.081223 -0.173371 0.000000 0.140526 0.920641 0.364244 8.817300 0.130028 -0.381869 0.915024 6.102600 0.000000 0.000000 0.000000 1.000000
0.976420 -0.086811 -0.197656 0.000000 0.142758 0.946461 0.289537 8.817300 0.161939 -0.310926 0.936537 6.102600 0.000000 0.000000 0.000000 1.000000
0.966884 -0.111274 -0.229680 -0.000000 0.160996 0.964223 0.210605 8.817300 0.198028 -0.240608 0.950207 6.102600 0.000000 0.000000 0.000000 1.000000
0.956751 -0.137250 -0.256496 0.000000 0.176330 0.974881 0.136071 8.817300 0.231377 -0.175414 0.956919 6.102600 0.000000 0.000000 0.000000 1.000000
0.955032 -0.140593 -0.261049 -0.000000 0.167636 0.982240 0.084282 8.817300 0.244564 -0.124254 0.961639 6.102600 0.000000 0.000000 0.000000 1.000000</float_array>
        <technique_common>
          <accessor source="#mixamorig_Head-Matrix-animation-output-transform-array" count="27" stride="16">
            <param type="float4x4"/>
          </accessor>
        </technique_common>
      </source>
      <source id="mixamorig_Head-Interpolations">
        <Name_array id="mixamorig_Head-Interpolations-array" count="27">
 LINEAR LINEAR LINEAR LINEAR LINEAR LINEAR LINEAR LINEAR LINEAR LINEAR LINEAR
LINEAR LINEAR LINEAR LINEAR LINEAR LINEAR LINEAR LINEAR LINEAR LINEAR LINEAR LINEAR
LINEAR LINEAR LINEAR LINEAR</Name_array>
        <technique_common>
          <accessor source="#mixamorig_Head-Interpolations-array" count="27">
            <param type="name"/>
          </accessor>
        </technique_common>
      </source>
      <sampler id="mixamorig_Head-Matrix-animation-transform">
        <input semantic="INPUT" source="#mixamorig_Head-Matrix-animation-input"/>
        <input semantic="OUTPUT" source="#mixamorig_Head-Matrix-animation-output-transform"/>
        <input semantic="INTERPOLATION" source="#mixamorig_Head-Interpolations"/>
      </sampler>
      <channel source="#mixamorig_Head-Matrix-animation-transform" target="mixamorig_Head/matrix"/>
    </animation>
    <animation id="mixamorig_LeftShoulder-anim" name="mixamorig_LeftShoulder">
      <source id="mixamorig_LeftShoulder-Matrix-animation-input">
        <float_array id="mixamorig_LeftShoulder-Matrix-animation-input-array" count="27">

0.000000 0.033333 0.066667 0.100000 0.133333 0.166667 0.200000 0.233333 0.266667 0.300000 0.333333 0.366667 0.400000 0.433333 0.466667 0.500000
0.533333 0.566667 0.600000 0.633333 0.666667 0.700000 0.733333 0.766667 0.800000 0.833333 0.866667</float_array>
        <technique_common>
          <accessor source="#mixamorig_LeftShoulder-Matrix-animation-input-array" count="27">
            <param name="TIME" type="float"/>
          </accessor>
        </technique_common>
      </source>
      <source id="mixamorig_LeftShoulder-Matrix-animation-output-transform">
        <float_array id="mixamorig_LeftShoulder-Matrix-animation-output-transform-array" count="432">

-0.032407 0.997915 -0.055822 9.553600 0.056810 -0.053922 -0.996928 16.065399 -0.997859 -0.035479 -0.054945 -5.227800 0.000000 0.000000 0.000000 1.000000
0.004382 0.999484 -0.031810 9.553600 0.062670 -0.032022 -0.997520 16.065399 -0.998025 0.002377 -0.062778 -5.227800 0.000000 0.000000 0.000000 1.000000
0.031974 0.999489 0.000052 9.553600 0.070289 -0.002196 -0.997524 16.065399 -0.997014 0.031899 -0.070323 -5.227800 0.000000 0.000000 0.000000 1.000000
0.053238 0.997728 0.041286 9.553600 0.080163 0.036941 -0.996097 16.065399 -0.995359 0.056340 -0.078015 -5.227800 0.000000 0.000000 0.000000 1.000000
0.070539 0.993293 0.091617 9.553600 0.092195 0.084961 -0.992110 16.065399 -0.993239 0.078429 -0.085584 -5.227800 0.000000 0.000000 0.000000 1.000000
0.082777 0.985201 0.150089 9.553600 0.105506 0.141096 -0.984358 16.065399 -0.990967 0.097318 -0.092265 -5.227800 0.000000 0.000000 0.000000 1.000000
0.084160 0.973585 0.212249 9.553600 0.116356 0.201946 -0.972460 16.065399 -0.989636 0.106538 -0.096287 -5.227800 0.000000 0.000000 0.000000 1.000000
0.067824 0.959947 0.271849 9.553600 0.119303 0.262718 -0.957469 16.065399 -0.990539 0.097372 -0.096706 -5.227800 0.000000 0.000000 0.000000 1.000000
0.032116 0.946406 0.321379 9.553600 0.110707 0.316198 -0.942212 16.065399 -0.993334 0.065839 -0.094619 -5.227800 0.000000 0.000000 0.000000 1.000000
-0.018064 0.934932 0.354367 9.553600 0.092146 0.354473 -0.930515 16.065399 -0.995582 0.015845 -0.092553 -5.227800 0.000000 0.000000 0.000000 1.000000
-0.074327 0.927063 0.367464 9.553600 0.069719 0.372412 -0.925445 16.065399 -0.994794 -0.043166 -0.092314 -5.227800 0.000000 0.000000 0.000000 1.000000
-0.127534 0.924059 0.360347 9.553600 0.049983 0.368840 -0.928148 16.065399 -0.990574 -0.100359 -0.093227 -5.227800 0.000000 0.000000 0.000000 1.000000
